segment-simulated-x
Budget : 0.2
Similarity Threshold : 0.95
Weight Threshold : 0.7


Number of classes : 7


MAPAL Accuracy : 0.9188311688311689


Total number of Active Learning Instances : 349



Extra instances added due to knowledge base similarity : 111



KNOWLEDGE BASE METRICS

   No. of Instances  Accuracy  f1-score
3                51  0.823529  0.830066
0                69  0.666667  0.614287
1                72  0.861111  0.655412
2                88  0.795455  0.552128


SIMILAR INSTANCES METRICS

      No. of similar Instances       Similar Instances  Similar Instances Shared Label  Accuracy  f1-score  Annotator
1596                         1                   [743]                               5  0.000000  0.000000          3
278                          1                  [2080]                               4  1.000000  1.000000          3
1720                         3       [1101, 1262, 311]                               0  0.000000  0.000000          3
1710                         1                  [1756]                               2  0.000000  0.000000          3
1052                         1                  [1319]                               3  0.000000  0.000000          3
2176                         2             [1330, 876]                               1  0.000000  0.000000          3
1319                         2              [243, 266]                               1  1.000000  1.000000          3
731                          2               [216, 45]                               0  0.000000  0.000000          3
1330                         1                   [520]                               0  0.000000  0.000000          3
88                           1                  [1436]                               4  1.000000  1.000000          3
216                          4  [1858, 931, 663, 1530]                               6  1.000000  1.000000          3
1682                         1                  [1257]                               6  1.000000  1.000000          3
699                          2             [1173, 843]                               5  1.000000  1.000000          3
1015                         1                   [597]                               2  1.000000  1.000000          3
1803                         2             [1720, 565]                               2  0.000000  0.000000          0
483                          1                  [2202]                               2  0.000000  0.000000          0
1007                         1                  [2083]                               6  0.000000  0.000000          0
2202                         3      [1116, 1886, 1035]                               2  0.000000  0.000000          0
1207                         2            [1360, 1063]                               6  0.000000  0.000000          0
1527                         2             [2297, 710]                               1  0.000000  0.000000          0
810                          1                   [647]                               2  0.000000  0.000000          0
2083                         1                  [2054]                               3  0.000000  0.000000          0
269                          1                  [1277]                               3  0.000000  0.000000          0
831                          2             [939, 1695]                               1  1.000000  1.000000          0
1501                         1                  [2160]                               0  0.000000  0.000000          0
2160                         1                   [687]                               1  1.000000  1.000000          0
1886                         2             [720, 1003]                               5  0.000000  0.000000          0
934                          2            [1398, 1509]                               1  0.000000  0.000000          0
517                          1                  [2291]                               1  0.000000  0.000000          0
1352                         1                   [448]                               1  1.000000  1.000000          0
492                          1                  [1872]                               0  0.000000  0.000000          0
118                          1                  [2050]                               5  1.000000  1.000000          0
1186                         1                   [699]                               5  1.000000  1.000000          0
1385                         1                  [1485]                               6  0.000000  0.000000          0
160                          1                  [2077]                               4  0.000000  0.000000          0
794                          1                    [38]                               6  1.000000  1.000000          0
1605                         1                  [1126]                               4  1.000000  1.000000          0
274                          1                   [892]                               3  0.000000  0.000000          0
1830                         1                  [2155]                               6  1.000000  1.000000          0
843                          1                    [57]                               5  1.000000  1.000000          0
1398                         1                  [1735]                               6  1.000000  1.000000          0
1134                         1                  [1826]                               4  1.000000  1.000000          1
2054                         1                    [88]                               4  1.000000  1.000000          1
1340                         2            [1405, 1472]                               1  1.000000  1.000000          1
1932                         1                   [130]                               6  1.000000  1.000000          1
1653                         1                  [1336]                               1  1.000000  1.000000          1
2                            1                  [1532]                               6  0.000000  0.000000          1
1965                         1                   [591]                               6  1.000000  1.000000          1
159                          1                  [2253]                               4  0.000000  0.000000          1
1562                         1                  [1577]                               4  0.000000  0.000000          1
815                          1                  [1079]                               1  0.000000  0.000000          1
1472                         1                  [1675]                               0  0.000000  0.000000          1
1971                         2             [1295, 263]                               4  1.000000  1.000000          1
878                          1                   [897]                               5  0.000000  0.000000          1
1927                         1                  [2191]                               1  1.000000  1.000000          1
175                          1                  [2051]                               4  1.000000  1.000000          1
886                          1                  [2288]                               1  1.000000  1.000000          2
1481                         1                   [850]                               0  0.000000  0.000000          2
2242                         1                   [279]                               1  1.000000  1.000000          2
718                          3       [2244, 1897, 451]                               4  0.000000  0.000000          2
479                          2              [676, 225]                               6  0.500000  0.333333          2
1216                         2              [1879, 33]                               1  1.000000  1.000000          2
714                          3      [1716, 2268, 2271]                               1  0.666667  0.400000          2
2044                         1                  [1521]                               1  1.000000  1.000000          2
1879                         1                  [1634]                               2  0.000000  0.000000          2
676                          1                   [429]                               1  0.000000  0.000000          2
1521                         1                  [1949]                               1  1.000000  1.000000          2
850                          1                  [1607]                               1  1.000000  1.000000          2
1028                         1                   [826]                               1  1.000000  1.000000          2
2069                         2            [1093, 1211]                               1  1.000000  1.000000          2
1408                         1                   [183]                               4  1.000000  1.000000          2
1607                         1                  [1058]                               1  1.000000  1.000000          2
1897                         1                  [2175]                               6  1.000000  1.000000          2
1058                         1                  [2285]                               1  1.000000  1.000000          2
2179                         1                  [1573]                               6  1.000000  1.000000          2
117                          1                  [1404]                               6  1.000000  1.000000          2
128                          1                  [1876]                               2  1.000000  1.000000          2
1600                         1                   [967]                               4  0.000000  0.000000          2
89                           1                   [673]                               1  1.000000  1.000000          2
2285                         2            [1443, 1668]                               1  1.000000  1.000000          2
603                          1                  [1064]                               6  0.000000  0.000000          2
179                          1                   [342]                               3  0.000000  0.000000          2
451                          1                   [787]                               6  0.000000  0.000000          2
2051                         1                  [2103]                               4  1.000000  1.000000          2


KNOWLEDGE BASE CLASSIFIER METRIC

                 After Warmup Accuracy on Boot Data  After Warmup F1 Score on Boot Data  After Warmup Accuracy on Validation Data  After Warmup F1 Score on Validation Data  After Training Accuracy on Validation Data  After Training F1 Score on Validation Data
Annotator Model                            0.666667                            0.640737                                  0.439394                                  0.415457                                    0.707792                                    0.684522
W Optimal                                  0.681159                            0.650132                                  0.524892                                  0.494770                                    0.777056                                    0.767977
Majority                                   0.855072                            0.854604                                  0.660173                                  0.659560                                    0.796537                                    0.792145
True Labels                                1.000000                            1.000000                                  0.866883                                  0.867430                                    0.904762                                    0.907067


KNOWLEDGE BASE ANNOTATOR METRIC

                  Annotator Accuracy after Warmup on Boot Data  Annotator F1 Score after Warmup on Boot Data  Annotator Accuracy after Training  Annotator F1 Score after Training
Weighted Average                                      0.478261                                      0.476029                           0.699140                           0.635519
Maximum Index                                         0.536232                                      0.527397                           0.722063                           0.671928segment-simulated-x
Budget : 0.2
Similarity Threshold : 0.95
Weight Threshold : 0.7
