ionosphere-simulated-x
Budget : 0.2
Similarity Threshold : 0.9
Weight Threshold : 0.7


Number of classes : 2


MAPAL RESULTS

     index  train-micro-misclf-rate  test-micro-misclf-rate  train-macro-misclf-rate  test-macro-misclf-rate  n-labeled-samples  n-true-labels-0  n-false-labels-0  n-true-labels-1  n-false-labels-1  n-true-labels-2  n-false-labels-2  n-true-labels-3  n-false-labels-3  n-true-labels  n-false-labels     times
0        0                 0.509524                0.496454                 0.525365                0.526596                  0                0                 0                0                 0                0                 0                0                 0              0               0  0.000000
1        1                 0.376190                0.333333                 0.500000                0.500000                  1                0                 0                0                 0                1                 0                0                 0              1               0  0.025205
2        2                 0.376190                0.333333                 0.500000                0.500000                  2                0                 0                1                 0                1                 0                0                 0              2               0  0.021192
3        3                 0.452381                0.312057                 0.553532                0.441489                  3                0                 1                1                 0                1                 0                0                 0              2               1  0.020343
4        4                 0.452381                0.319149                 0.553532                0.452128                  3                0                 1                1                 0                1                 0                1                 0              3               1  0.021665
5        5                 0.461905                0.361702                 0.566190                0.515957                  4                0                 1                1                 0                1                 1                1                 0              3               2  0.021867
6        6                 0.447619                0.347518                 0.554740                0.505319                  5                0                 1                2                 0                1                 1                1                 0              4               2  0.020943
7        7                 0.485714                0.382979                 0.577737                0.521277                  6                0                 1                2                 0                1                 2                1                 0              4               3  0.020779
8        8                 0.485714                0.382979                 0.577737                0.521277                  7                0                 1                2                 0                1                 2                2                 0              5               3  0.021277
9        9                 0.466667                0.382979                 0.564982                0.526596                  8                0                 1                2                 0                1                 2                3                 0              6               3  0.020749
10      10                 0.414286                0.368794                 0.522997                0.515957                  8                0                 1                3                 0                1                 2                3                 0              7               3  0.021139
11      11                 0.457143                0.382979                 0.557349                0.526596                  9                0                 1                3                 0                1                 2                3                 1              7               4  0.023629
12      12                 0.447619                0.368794                 0.552227                0.521277                 10                0                 1                3                 0                1                 2                4                 1              8               4  0.022040
13      13                 0.419048                0.347518                 0.534351                0.510638                 11                1                 1                3                 0                1                 2                4                 1              9               4  0.021254
14      14                 0.338095                0.276596                 0.426756                0.404255                 12                1                 1                3                 0                1                 2                5                 1             10               4  0.020987
15      15                 0.347619                0.283688                 0.439414                0.414894                 13                1                 2                3                 0                1                 2                5                 1             10               5  0.021015
16      16                 0.447619                0.375887                 0.552227                0.531915                 13                1                 2                3                 1                1                 2                5                 1             10               6  0.021185
17      17                 0.342857                0.290780                 0.428061                0.414894                 13                1                 2                3                 1                2                 2                5                 1             11               6  0.020912
18      18                 0.323810                0.276596                 0.412794                0.404255                 13                1                 2                3                 1                3                 2                5                 1             12               6  0.020428
19      19                 0.300000                0.276596                 0.393710                0.404255                 14                1                 2                3                 1                4                 2                5                 1             13               6  0.020514
20      20                 0.300000                0.276596                 0.393710                0.404255                 14                1                 2                4                 1                4                 2                5                 1             14               6  0.020704
21      21                 0.295238                0.269504                 0.382356                0.393617                 15                1                 2                4                 1                4                 3                5                 1             14               7  0.020976
22      22                 0.309524                0.276596                 0.401343                0.404255                 15                2                 2                4                 1                4                 3                5                 1             15               7  0.020156
23      23                 0.300000                0.276596                 0.393710                0.404255                 15                3                 2                4                 1                4                 3                5                 1             16               7  0.020167
24      24                 0.304762                0.276596                 0.400039                0.404255                 16                3                 2                5                 1                4                 3                5                 1             17               7  0.021887
25      25                 0.295238                0.262411                 0.392405                0.393617                 17                3                 2                5                 1                4                 3                6                 1             18               7  0.020391
26      26                 0.300000                0.262411                 0.398734                0.393617                 17                4                 2                5                 1                4                 3                6                 1             19               7  0.019767
27      27                 0.276190                0.262411                 0.367089                0.393617                 18                4                 2                5                 1                5                 3                6                 1             20               7  0.020169
28      28                 0.276190                0.262411                 0.367089                0.393617                 19                4                 2                5                 1                6                 3                6                 1             21               7  0.020593
29      29                 0.276190                0.262411                 0.367089                0.393617                 20                4                 2                5                 2                6                 3                6                 1             21               8  0.019921
30      30                 0.280952                0.262411                 0.373418                0.393617                 21                4                 3                5                 2                6                 3                6                 1             21               9  0.019802
31      31                 0.276190                0.262411                 0.367089                0.393617                 22                4                 3                6                 2                6                 3                6                 1             22               9  0.019762
32      32                 0.271429                0.262411                 0.360759                0.393617                 23                4                 3                7                 2                6                 3                6                 1             23               9  0.019693
33      33                 0.271429                0.262411                 0.360759                0.393617                 24                4                 3                8                 2                6                 3                6                 1             24               9  0.019843
34      34                 0.266667                0.262411                 0.354430                0.393617                 25                4                 3                9                 2                6                 3                6                 1             25               9  0.019997
35      35                 0.261905                0.262411                 0.348101                0.393617                 26                4                 3               10                 2                6                 3                6                 1             26               9  0.020146
36      36                 0.261905                0.262411                 0.348101                0.393617                 27                5                 3               10                 2                6                 3                6                 1             27               9  0.019897
37      37                 0.257143                0.262411                 0.341772                0.393617                 28                5                 3               11                 2                6                 3                6                 1             28               9  0.019426
38      38                 0.257143                0.262411                 0.341772                0.393617                 29                6                 3               11                 2                6                 3                6                 1             29               9  0.019139
39      39                 0.252381                0.262411                 0.335443                0.393617                 30                7                 3               11                 2                6                 3                6                 1             30               9  0.019952
40      40                 0.247619                0.262411                 0.329114                0.393617                 31                7                 3               12                 2                6                 3                6                 1             31               9  0.019786
41      41                 0.247619                0.262411                 0.329114                0.393617                 32                7                 3               13                 2                6                 3                6                 1             32               9  0.020006
42      42                 0.247619                0.262411                 0.329114                0.393617                 33                7                 3               14                 2                6                 3                6                 1             33               9  0.020009
43      43                 0.242857                0.262411                 0.322785                0.393617                 34                8                 3               14                 2                6                 3                6                 1             34               9  0.022426
44      44                 0.238095                0.262411                 0.316456                0.393617                 35                9                 3               14                 2                6                 3                6                 1             35               9  0.020610
45      45                 0.238095                0.262411                 0.316456                0.393617                 36                9                 3               15                 2                6                 3                6                 1             36               9  0.019811
46      46                 0.238095                0.262411                 0.316456                0.393617                 37                9                 3               16                 2                6                 3                6                 1             37               9  0.019526
47      47                 0.233333                0.262411                 0.310127                0.393617                 38                9                 3               17                 2                6                 3                6                 1             38               9  0.019600
48      48                 0.233333                0.262411                 0.310127                0.393617                 39                9                 4               17                 2                6                 3                6                 1             38              10  0.020278
49      49                 0.233333                0.262411                 0.310127                0.393617                 40                9                 4               18                 2                6                 3                6                 1             39              10  0.046327
50      50                 0.228571                0.262411                 0.303797                0.393617                 41               10                 4               18                 2                6                 3                6                 1             40              10  0.020056
51      51                 0.228571                0.262411                 0.303797                0.393617                 42               11                 4               18                 2                6                 3                6                 1             41              10  0.020050
52      52                 0.223810                0.262411                 0.297468                0.393617                 43               11                 4               19                 2                6                 3                6                 1             42              10  0.019851
53      53                 0.219048                0.262411                 0.291139                0.393617                 44               11                 4               20                 2                6                 3                6                 1             43              10  0.020342
54      54                 0.219048                0.262411                 0.291139                0.393617                 45               11                 5               20                 2                6                 3                6                 1             43              11  0.020037
55      55                 0.219048                0.262411                 0.291139                0.393617                 46               11                 6               20                 2                6                 3                6                 1             43              12  0.019671
56      56                 0.214286                0.262411                 0.284810                0.393617                 47               11                 6               21                 2                6                 3                6                 1             44              12  0.019924
57      57                 0.214286                0.262411                 0.284810                0.393617                 48               11                 7               21                 2                6                 3                6                 1             44              13  0.019635
58      58                 0.209524                0.262411                 0.278481                0.393617                 49               12                 7               21                 2                6                 3                6                 1             45              13  0.020194
59      59                 0.204762                0.262411                 0.272152                0.393617                 50               13                 7               21                 2                6                 3                6                 1             46              13  0.021892
60      60                 0.209524                0.262411                 0.278481                0.393617                 51               13                 8               21                 2                6                 3                6                 1             46              14  0.019655
61      61                 0.214286                0.262411                 0.284810                0.393617                 52               13                 8               21                 3                6                 3                6                 1             46              15  0.020795
62      62                 0.209524                0.262411                 0.278481                0.393617                 53               13                 8               22                 3                6                 3                6                 1             47              15  0.023759
63      63                 0.209524                0.262411                 0.278481                0.393617                 54               13                 8               23                 3                6                 3                6                 1             48              15  0.021200
64      64                 0.214286                0.269504                 0.284810                0.404255                 55               13                 9               23                 3                6                 3                6                 1             48              16  0.019941
65      65                 0.209524                0.269504                 0.278481                0.404255                 56               13                 9               24                 3                6                 3                6                 1             49              16  0.020229
66      66                 0.204762                0.269504                 0.272152                0.404255                 57               13                 9               25                 3                6                 3                6                 1             50              16  0.020227
67      67                 0.200000                0.269504                 0.265823                0.404255                 58               13                 9               26                 3                6                 3                6                 1             51              16  0.020741
68      68                 0.195238                0.269504                 0.259494                0.404255                 59               14                 9               26                 3                6                 3                6                 1             52              16  0.019908
69      69                 0.190476                0.269504                 0.253165                0.404255                 60               15                 9               26                 3                6                 3                6                 1             53              16  0.020157
70      70                 0.190476                0.269504                 0.253165                0.404255                 61               15                10               26                 3                6                 3                6                 1             53              17  0.020635
71      71                 0.185714                0.269504                 0.246835                0.404255                 62               15                10               27                 3                6                 3                6                 1             54              17  0.019654
72      72                 0.185714                0.269504                 0.246835                0.404255                 63               16                10               27                 3                6                 3                6                 1             55              17  0.019281
73      73                 0.180952                0.269504                 0.240506                0.404255                 64               16                10               28                 3                6                 3                6                 1             56              17  0.019716
74      74                 0.176190                0.262411                 0.234177                0.393617                 65               17                10               28                 3                6                 3                6                 1             57              17  0.019548
75      75                 0.176190                0.262411                 0.234177                0.393617                 66               17                11               28                 3                6                 3                6                 1             57              18  0.019920
76      76                 0.176190                0.262411                 0.234177                0.393617                 67               17                12               28                 3                6                 3                6                 1             57              19  0.021127
77      77                 0.171429                0.262411                 0.227848                0.393617                 68               17                12               29                 3                6                 3                6                 1             58              19  0.020023
78      78                 0.166667                0.255319                 0.221519                0.382979                 69               18                12               29                 3                6                 3                6                 1             59              19  0.019587
79      79                 0.161905                0.255319                 0.215190                0.382979                 70               18                12               30                 3                6                 3                6                 1             60              19  0.019488
80      80                 0.157143                0.255319                 0.208861                0.382979                 71               19                12               30                 3                6                 3                6                 1             61              19  0.019758
81      81                 0.152381                0.255319                 0.202532                0.382979                 72               20                12               30                 3                6                 3                6                 1             62              19  0.019022
82      82                 0.147619                0.234043                 0.196203                0.351064                 73               21                12               30                 3                6                 3                6                 1             63              19  0.020205
83      83                 0.142857                0.226950                 0.189873                0.340426                 74               22                12               30                 3                6                 3                6                 1             64              19  0.020655
84      84                 0.142857                0.226950                 0.189873                0.340426                 75               23                12               30                 3                6                 3                6                 1             65              19  0.019812
85      85                 0.147619                0.226950                 0.193690                0.340426                 76               23                12               30                 4                6                 3                6                 1             65              20  0.019846
86      86                 0.147619                0.226950                 0.193690                0.340426                 77               24                12               30                 4                6                 3                6                 1             66              20  0.019289
87      87                 0.142857                0.226950                 0.187361                0.340426                 78               24                12               30                 4                7                 3                6                 1             67              20  0.019488
88      88                 0.133333                0.219858                 0.174703                0.329787                 79               24                12               30                 4                8                 3                6                 1             68              20  0.020733
89      89                 0.128571                0.212766                 0.168374                0.319149                 80               24                12               31                 4                8                 3                6                 1             69              20  0.021421
90      90                 0.128571                0.226950                 0.168374                0.340426                 81               24                12               31                 4                9                 3                6                 1             70              20  0.020205
91      91                 0.123810                0.226950                 0.162045                0.340426                 82               24                12               32                 4                9                 3                6                 1             71              20  0.019557
92      92                 0.123810                0.226950                 0.162045                0.340426                 83               24                12               32                 4                9                 4                6                 1             71              21  0.020489
93      93                 0.123810                0.219858                 0.162045                0.329787                 84               24                12               32                 4               10                 4                6                 1             72              21  0.019536
94      94                 0.123810                0.234043                 0.162045                0.351064                 85               24                13               32                 4               10                 4                6                 1             72              22  0.020140
95      95                 0.123810                0.234043                 0.162045                0.351064                 86               24                13               32                 4               10                 5                6                 1             72              23  0.020183
96      96                 0.119048                0.219858                 0.155716                0.329787                 87               25                13               32                 4               10                 5                6                 1             73              23  0.019544
97      97                 0.119048                0.219858                 0.155716                0.329787                 87               26                13               32                 4               10                 5                6                 1             74              23  0.020960
98      98                 0.119048                0.219858                 0.153203                0.329787                 88               26                13               32                 4               10                 5                7                 1             75              23  0.022838
99      99                 0.123810                0.219858                 0.157020                0.329787                 89               26                13               32                 4               10                 6                7                 1             75              24  0.020480
100    100                 0.123810                0.219858                 0.157020                0.329787                 90               27                13               32                 4               10                 6                7                 1             76              24  0.019986
101    101                 0.152381                0.234043                 0.179921                0.335106                 91               27                13               32                 4               10                 7                7                 1             76              25  0.019611
102    102                 0.161905                0.297872                 0.182530                0.372340                 91               27                14               32                 4               10                 7                7                 1             76              26  0.020111
103    103                 0.180952                0.319149                 0.197797                0.388298                 92               27                14               32                 4               11                 7                7                 1             77              26  0.020150
104    104                 0.195238                0.333333                 0.209247                0.398936                 93               27                14               32                 4               11                 8                7                 1             77              27  0.019878
105    105                 0.185714                0.312057                 0.201614                0.382979                 94               27                14               32                 4               12                 8                7                 1             78              27  0.019863
106    106                 0.195238                0.333333                 0.209247                0.398936                 95               27                14               32                 4               12                 9                7                 1             78              28  0.019523
107    107                 0.233333                0.382979                 0.237269                0.436170                 95               27                14               32                 4               12                10                7                 1             78              29  0.022807
108    108                 0.219048                0.368794                 0.228331                0.425532                 96               28                14               32                 4               12                10                7                 1             79              29  0.020636
109    109                 0.185714                0.319149                 0.204126                0.393617                 96               29                14               32                 4               12                10                7                 1             80              29  0.020376
110    110                 0.161905                0.269504                 0.187554                0.372340                 97               29                14               33                 4               12                10                7                 1             81              29  0.020127
111    111                 0.128571                0.234043                 0.160837                0.345745                 98               29                15               33                 4               12                10                7                 1             81              30  0.020692
112    112                 0.123810                0.226950                 0.157020                0.340426                 99               29                15               34                 4               12                10                7                 1             82              30  0.018025
113    113                 0.119048                0.226950                 0.150691                0.340426                100               29                15               35                 4               12                10                7                 1             83              30  0.018315
114    114                 0.119048                0.226950                 0.150691                0.340426                101               29                15               36                 4               12                10                7                 1             84              30  0.018474
115    115                 0.119048                0.226950                 0.150691                0.340426                101               30                15               36                 4               12                10                7                 1             85              30  0.018328
116    116                 0.119048                0.219858                 0.150691                0.329787                102               30                15               37                 4               12                10                7                 1             86              30  0.018956
117    117                 0.119048                0.219858                 0.150691                0.329787                103               31                15               37                 4               12                10                7                 1             87              30  0.022485
118    118                 0.119048                0.219858                 0.150691                0.329787                103               31                15               37                 4               12                10                8                 1             88              30  0.020037
119    119                 0.114286                0.212766                 0.144362                0.319149                104               32                15               37                 4               12                10                8                 1             89              30  0.018584
120    120                 0.114286                0.212766                 0.144362                0.319149                105               33                15               37                 4               12                10                8                 1             90              30  0.019821
121    121                 0.114286                0.226950                 0.144362                0.340426                106               33                15               37                 4               12                10                9                 1             91              30  0.018864
122    122                 0.114286                0.226950                 0.144362                0.340426                107               33                15               37                 4               12                10               10                 1             92              30  0.018342
123    123                 0.119048                0.234043                 0.150691                0.351064                107               33                15               37                 4               12                10               10                 2             92              31  0.018310
124    124                 0.119048                0.234043                 0.150691                0.351064                108               34                15               37                 4               12                10               10                 2             93              31  0.018221
125    125                 0.119048                0.241135                 0.150691                0.361702                108               34                16               37                 4               12                10               10                 2             93              32  0.017478
126    126                 0.119048                0.241135                 0.150691                0.361702                109               35                16               37                 4               12                10               10                 2             94              32  0.017998
127    127                 0.114286                0.241135                 0.146874                0.361702                109               36                16               37                 4               12                10               10                 2             95              32  0.020899
128    128                 0.114286                0.241135                 0.146874                0.361702                109               36                16               37                 4               12                10               11                 2             96              32  0.019265
129    129                 0.114286                0.241135                 0.146874                0.361702                109               36                16               37                 4               12                10               12                 2             97              32  0.019046
130    130                 0.114286                0.241135                 0.146874                0.361702                110               37                16               37                 4               12                10               12                 2             98              32  0.016962
131    131                 0.109524                0.241135                 0.140545                0.361702                110               38                16               37                 4               12                10               12                 2             99              32  0.017122
132    132                 0.109524                0.241135                 0.140545                0.361702                110               38                16               38                 4               12                10               12                 2            100              32  0.017470
133    133                 0.109524                0.226950                 0.140545                0.340426                111               38                16               38                 4               12                10               13                 2            101              32  0.017258
134    134                 0.114286                0.234043                 0.146874                0.351064                111               38                16               38                 4               12                10               13                 3            101              33  0.017512
135    135                 0.109524                0.226950                 0.140545                0.340426                111               38                16               38                 4               13                10               13                 3            102              33  0.018272
136    136                 0.114286                0.212766                 0.144362                0.319149                112               38                17               38                 4               13                10               13                 3            102              34  0.017586
137    137                 0.114286                0.212766                 0.144362                0.319149                113               39                17               38                 4               13                10               13                 3            103              34  0.019558
138    138                 0.114286                0.219858                 0.144362                0.329787                113               39                17               38                 4               13                10               13                 4            103              35  0.017512
139    139                 0.114286                0.212766                 0.144362                0.319149                114               39                17               38                 4               13                10               14                 4            104              35  0.019658
140    140                 0.114286                0.219858                 0.144362                0.329787                114               40                17               38                 4               13                10               14                 4            105              35  0.017109
141    141                 0.114286                0.219858                 0.144362                0.329787                114               40                17               38                 4               13                10               15                 4            106              35  0.016825
142    142                 0.114286                0.219858                 0.144362                0.329787                115               40                17               39                 4               13                10               15                 4            107              35  0.017255
143    143                 0.114286                0.219858                 0.144362                0.329787                116               41                17               39                 4               13                10               15                 4            108              35  0.019558
144    144                 0.109524                0.219858                 0.140545                0.329787                117               41                17               39                 4               13                10               16                 4            109              35  0.017949
145    145                 0.114286                0.219858                 0.146874                0.329787                117               41                18               39                 4               13                10               16                 4            109              36  0.016522
146    146                 0.109524                0.219858                 0.140545                0.329787                117               41                18               39                 4               13                10               17                 4            110              36  0.015667
147    147                 0.109524                0.219858                 0.140545                0.329787                117               41                18               39                 4               13                10               18                 4            111              36  0.015775
148    148                 0.109524                0.219858                 0.140545                0.329787                118               41                18               39                 4               13                10               19                 4            112              36  0.016167
149    149                 0.104762                0.219858                 0.136728                0.329787                118               42                18               39                 4               13                10               19                 4            113              36  0.017415
150    150                 0.109524                0.219858                 0.140545                0.329787                118               42                18               39                 4               13                10               19                 5            113              37  0.016391
151    151                 0.109524                0.219858                 0.140545                0.329787                118               43                18               39                 4               13                10               19                 5            114              37  0.016353
152    152                 0.109524                0.219858                 0.140545                0.329787                118               44                18               39                 4               13                10               19                 5            115              37  0.016132
153    153                 0.109524                0.219858                 0.140545                0.329787                118               44                18               40                 4               13                10               19                 5            116              37  0.015746
154    154                 0.109524                0.219858                 0.140545                0.329787                118               44                18               40                 4               13                10               20                 5            117              37  0.016268
155    155                 0.114286                0.219858                 0.146874                0.329787                118               44                18               40                 4               13                10               20                 6            117              38  0.019115
156    156                 0.109524                0.219858                 0.140545                0.329787                118               45                18               40                 4               13                10               20                 6            118              38  0.020448
157    157                 0.114286                0.212766                 0.146874                0.319149                118               45                19               40                 4               13                10               20                 6            118              39  0.016722
158    158                 0.109524                0.212766                 0.140545                0.319149                118               45                19               40                 4               13                10               21                 6            119              39  0.016432
159    159                 0.109524                0.212766                 0.140545                0.319149                118               46                19               40                 4               13                10               21                 6            120              39  0.016266
160    160                 0.109524                0.212766                 0.140545                0.319149                118               46                19               40                 4               13                10               22                 6            121              39  0.016688
161    161                 0.109524                0.212766                 0.140545                0.319149                118               47                19               40                 4               13                10               22                 6            122              39  0.022318
162    162                 0.104762                0.212766                 0.134216                0.319149                118               47                19               40                 4               13                10               23                 6            123              39  0.022600
163    163                 0.104762                0.212766                 0.134216                0.319149                118               47                19               41                 4               13                10               23                 6            124              39  0.016374
164    164                 0.100000                0.212766                 0.127887                0.319149                118               47                19               41                 4               13                10               24                 6            125              39  0.016724
165    165                 0.100000                0.212766                 0.127887                0.319149                118               47                19               42                 4               13                10               24                 6            126              39  0.016638
166    166                 0.100000                0.212766                 0.127887                0.319149                118               47                19               42                 4               13                10               24                 7            126              40  0.016103
167    167                 0.100000                0.212766                 0.127887                0.319149                118               47                19               42                 4               13                10               25                 7            127              40  0.016174
168    168                 0.100000                0.212766                 0.127887                0.319149                118               48                19               42                 4               13                10               25                 7            128              40  0.015727


Total number of Acive Learning Instances : 89



Extra instances added due to knowledge base similarity : 9



KNOWLEDGE BASE METRICS

   No. of Instances  Accuracy                                  f1-score
0                35  0.885714                 [0.8666666666666666, 0.9]
2                10  0.900000                 [0.9333333333333333, 0.8]
1                24  0.958333   [0.975609756097561, 0.8571428571428571]
3                19  0.736842  [0.7826086956521738, 0.6666666666666667]


SIMILAR INSTANCES METRICS

     No. of similar Instances Similar Instances  Similar Instances Shared Label  Accuracy    f1-score  Annotator
143                         1             [160]                               1       0.0  [0.0, 0.0]          0
253                         1             [338]                               1       1.0       [1.0]          0
84                          1              [94]                               1       1.0       [1.0]          0
341                         1             [273]                               1       1.0       [1.0]          0
148                         1              [87]                               0       1.0       [1.0]          0
233                         1             [323]                               1       1.0       [1.0]          0
273                         2        [276, 343]                               1       1.0       [1.0]          0
72                          1              [28]                               1       1.0       [1.0]          1


KNOWLEDGE BASE CLASSIFIER METRIC

                 After Warmup Accuracy on Boot Data       After Warmup F1 Score on Boot Data  After Warmup Accuracy on Validation Data  After Warmup F1 Score on Validation Data  After Training Accuracy on Validation Data After Training F1 Score on Validation Data
Annotator Model                                 1.0                               [1.0, 1.0]                                  0.780142  [0.5866666666666668, 0.8502415458937199]                                    0.879433   [0.7901234567901235, 0.9154228855721392]
W Optimal                                       1.0                               [1.0, 1.0]                                  0.780142  [0.5866666666666668, 0.8502415458937199]                                    0.879433    [0.7848101265822784, 0.916256157635468]
Majority                                        0.9  [0.888888888888889, 0.9090909090909091]                                  0.787234  [0.7115384615384615, 0.8314606741573034]                                    0.787234                  [0.7, 0.8351648351648351]
True Labels                                     1.0                               [1.0, 1.0]                                  0.780142  [0.5866666666666668, 0.8502415458937199]                                    0.900709   [0.8372093023255814, 0.9285714285714286]


KNOWLEDGE BASE ANNOTATOR METRIC

                  Annotator Accuracy after Warmup on Boot Data Annotator F1 Score after Warmup on Boot Data  Annotator Accuracy after Training         Annotator F1 Score after Training
Weighted Average                                           1.0                                   [1.0, 1.0]                           0.853933  [0.8807339449541285, 0.8115942028985507]
Maximum Index                                              1.0                                   [1.0, 1.0]                           0.853933  [0.8807339449541285, 0.8115942028985507]


WITHOUT KNOWLEDGE BASE CLASSIFIER METRIC

                 After Warmup Accuracy on Boot Data       After Warmup F1 Score on Boot Data  After Warmup Accuracy on Validation Data  After Warmup F1 Score on Validation Data  After Training Accuracy on Validation Data After Training F1 Score on Validation Data
Annotator Model                                 1.0                               [1.0, 1.0]                                  0.780142  [0.5866666666666668, 0.8502415458937199]                                    0.865248    [0.759493670886076, 0.9064039408866995]
W Optimal                                       1.0                               [1.0, 1.0]                                  0.780142  [0.5866666666666668, 0.8502415458937199]                                    0.872340                [0.775, 0.9108910891089108]
Majority                                        0.9  [0.888888888888889, 0.9090909090909091]                                  0.787234  [0.7115384615384615, 0.8314606741573034]                                    0.843972   [0.7500000000000001, 0.8865979381443299]
True Labels                                     1.0                               [1.0, 1.0]                                  0.780142  [0.5866666666666668, 0.8502415458937199]                                    0.900709                 [0.8292682926829269, 0.93]


WITHOUT KNOWLEDGE BASE ANNOTATOR METRIC

                  Annotator Accuracy after Warmup on Boot Data Annotator F1 Score after Warmup on Boot Data  Annotator Accuracy after Training         Annotator F1 Score after Training
Weighted Average                                           1.0                                   [1.0, 1.0]                           0.811594  [0.8395061728395061, 0.7719298245614036]
Maximum Index                                              1.0                                   [1.0, 1.0]                           0.811594  [0.8395061728395061, 0.7719298245614036]