kc2-simulated-x
Budget : 0.4
Similarity Threshold : 0.9
Weight Threshold : 0.7


Number of classes : 2


MAPAL Accuracy : 0.8373205741626795kc2-simulated-x
Budget : 0.4
Similarity Threshold : 0.9
Weight Threshold : 0.7


Number of classes : 2


MAPAL Accuracy : 0.8373205741626795


Total number of Active Learning Instances : 167



Extra instances added due to knowledge base similarity : 119



KNOWLEDGE BASE METRICS

   No. of Instances  Accuracy                                  f1-score
0               126  0.746032  [0.7948717948717949, 0.6666666666666666]
2                20  0.900000                 [0.9444444444444444, 0.5]
4                11  1.000000                                     [1.0]
3                 0       NaN                                        []
1                 1  1.000000                                     [1.0]


SIMILAR INSTANCES METRICS

     No. of similar Instances                                      Similar Instances  Similar Instances Shared Label  Accuracy                   f1-score  Annotator
195                         4                                   [424, 444, 493, 243]                               1  0.750000  [0.0, 0.8571428571428571]          0
424                         2                                             [275, 454]                               1  0.500000  [0.0, 0.6666666666666666]          0
275                         4                                      [2, 489, 79, 196]                               0  0.500000  [0.6666666666666666, 0.0]          0
2                           1                                                  [428]                               1  1.000000                      [1.0]          0
248                        11  [463, 479, 352, 478, 494, 152, 447, 354, 36, 288, 83]                               0  0.545455  [0.7058823529411764, 0.0]          0
428                         2                                             [432, 462]                               1  1.000000                      [1.0]          0
457                         5                              [353, 458, 357, 194, 429]                               1  0.400000  [0.0, 0.5714285714285715]          0
432                         3                                          [169, 3, 456]                               1  0.666667                 [0.0, 0.8]          0
37                          1                                                  [279]                               0  1.000000                      [1.0]          0
509                         2                                             [376, 473]                               1  0.500000  [0.0, 0.6666666666666666]          0
357                         4                                     [48, 485, 472, 26]                               0  0.500000  [0.6666666666666666, 0.0]          0
353                         1                                                  [199]                               0  1.000000                      [1.0]          0
194                         1                                                  [129]                               1  0.000000                 [0.0, 0.0]          0
199                         3                                         [200, 24, 287]                               0  1.000000                      [1.0]          0
458                         2                                             [367, 420]                               1  0.000000                 [0.0, 0.0]          0
281                         1                                                  [163]                               0  1.000000                      [1.0]          0
79                          3                                        [471, 468, 313]                               1  0.666667                 [0.0, 0.8]          0
472                         3                                        [481, 413, 282]                               1  0.333333                 [0.0, 0.5]          0
481                         2                                             [433, 435]                               1  1.000000                      [1.0]          0
129                         3                                        [416, 495, 315]                               1  0.333333                 [0.0, 0.5]          0
367                         2                                              [441, 16]                               1  0.500000  [0.0, 0.6666666666666666]          0
479                         3                                        [440, 365, 155]                               0  0.666667                 [0.8, 0.0]          0
84                          6                          [293, 224, 210, 216, 226, 44]                               0  1.000000                      [1.0]          0
178                         4                                   [455, 205, 418, 393]                               0  0.750000  [0.8571428571428571, 0.0]          0
441                         2                                              [111, 76]                               1  0.000000                 [0.0, 0.0]          0
468                         2                                             [417, 421]                               1  0.500000  [0.0, 0.6666666666666666]          0
471                         1                                                  [476]                               1  1.000000                      [1.0]          0
200                         1                                                  [131]                               0  1.000000                      [1.0]          0
512                         4                                     [175, 337, 9, 307]                               0  1.000000                      [1.0]          0
478                         1                                                  [483]                               1  1.000000                      [1.0]          0
483                         2                                             [500, 467]                               0  0.000000                 [0.0, 0.0]          0
36                          2                                              [450, 33]                               0  0.500000  [0.6666666666666666, 0.0]          0
307                         1                                                  [397]                               0  1.000000                      [1.0]          0
313                         1                                                  [356]                               0  1.000000                      [1.0]          0
421                         1                                                  [487]                               1  1.000000                      [1.0]          0
241                         3                                          [184, 38, 32]                               0  1.000000                      [1.0]          0
376                         1                                                  [358]                               0  1.000000                      [1.0]          0
501                         2                                              [419, 49]                               1  0.000000                 [0.0, 0.0]          0
418                         1                                                  [206]                               1  0.000000                 [0.0, 0.0]          0
358                         1                                                   [63]                               0  1.000000                      [1.0]          0
184                         3                                         [269, 64, 504]                               0  0.666667                 [0.8, 0.0]          0
473                         1                                                  [373]                               1  0.000000                 [0.0, 0.0]          0
410                         3                                        [291, 405, 211]                               0  1.000000                      [1.0]          0
269                         2                                             [260, 234]                               0  1.000000                      [1.0]          0
447                         1                                                  [327]                               0  1.000000                      [1.0]          0
254                         1                                                  [299]                               0  1.000000                      [1.0]          0
373                         1                                                  [395]                               1  0.000000                 [0.0, 0.0]          0
287                         1                                                  [154]                               0  1.000000                      [1.0]          0
393                         1                                                  [370]                               0  1.000000                      [1.0]          0
327                         1                                                  [452]                               1  1.000000                      [1.0]          0
334                         1                                                  [143]                               0  1.000000                      [1.0]          2
0                           1                                                    [1]                               0  0.000000                 [0.0, 0.0]          2
253                         1                                                  [156]                               0  1.000000                      [1.0]          2
15                          1                                                   [97]                               0  1.000000                      [1.0]          2
263                         1                                                  [254]                               0  1.000000                      [1.0]          4


KNOWLEDGE BASE CLASSIFIER METRIC

                 After Warmup Accuracy on Boot Data        After Warmup F1 Score on Boot Data  After Warmup Accuracy on Validation Data   After Warmup F1 Score on Validation Data  After Training Accuracy on Validation Data After Training F1 Score on Validation Data
Annotator Model                            0.866667  [0.9166666666666666, 0.6666666666666666]                                  0.794258   [0.8643533123028391, 0.5742574257425743]                                    0.827751    [0.893491124260355, 0.5499999999999999]
W Optimal                                  0.933333                 [0.9600000000000001, 0.8]                                  0.789474  [0.8674698795180722, 0.48837209302325585]                                    0.794258  [0.8724035608308605, 0.46913580246913583]
Majority                                   0.933333                 [0.9600000000000001, 0.8]                                  0.789474  [0.8674698795180722, 0.48837209302325585]                                    0.794258  [0.8724035608308605, 0.46913580246913583]
True Labels                                1.000000                                [1.0, 1.0]                                  0.688995  [0.8071216617210684, 0.19753086419753085]                                    0.799043   [0.8771929824561403, 0.4473684210526315]


KNOWLEDGE BASE ANNOTATOR METRIC

                  Annotator Accuracy after Warmup on Boot Data Annotator F1 Score after Warmup on Boot Data  Annotator Accuracy after Training         Annotator F1 Score after Training
Weighted Average                                           0.8     [0.8571428571428571, 0.6666666666666666]                           0.688623  [0.7547169811320755, 0.5737704918032788]
Maximum Index                                              0.8     [0.8695652173913043, 0.5714285714285715]                           0.778443  [0.8370044052863437, 0.6542056074766356]