iris-simulated-x
Budget : 0.4
Similarity Threshold : 0.9
Weight Threshold : 0.7


Number of classes : 3


MAPAL RESULTS

     index  train-micro-misclf-rate  test-micro-misclf-rate  train-macro-misclf-rate  test-macro-misclf-rate  n-labeled-samples  n-true-labels-0  n-false-labels-0  n-true-labels-1  n-false-labels-1  n-true-labels-2  n-false-labels-2  n-true-labels-3  n-false-labels-3  n-true-labels-4  n-false-labels-4  n-true-labels  n-false-labels     times
0        0                 0.677778                0.633333                 0.643406                0.665205                  0                0                 0                0                 0                0                 0                0                 0                0                 0              0               0  0.000000
1        1                 0.677778                0.650000                 0.666667                0.666667                  1                0                 0                0                 0                0                 0                0                 1                0                 0              0               1  0.013424
2        2                 0.677778                0.650000                 0.666667                0.666667                  2                1                 0                0                 0                0                 0                0                 1                0                 0              1               1  0.012507
3        3                 0.677778                0.650000                 0.666667                0.666667                  3                1                 0                0                 1                0                 0                0                 1                0                 0              1               2  0.012357
4        4                 0.677778                0.650000                 0.666667                0.666667                  4                1                 0                0                 1                0                 0                0                 1                1                 0              2               2  0.012656
5        5                 0.677778                0.650000                 0.666667                0.666667                  5                1                 0                0                 1                0                 1                0                 1                1                 0              2               3  0.012578
6        6                 0.344444                0.333333                 0.344086                0.333333                  5                1                 0                0                 1                0                 1                0                 1                2                 0              3               3  0.013870
7        7                 0.677778                0.650000                 0.666667                0.666667                  5                1                 1                0                 1                0                 1                0                 1                2                 0              3               4  0.013571
8        8                 0.677778                0.650000                 0.666667                0.666667                  6                1                 1                1                 1                0                 1                0                 1                2                 0              4               4  0.013628
9        9                 0.677778                0.650000                 0.666667                0.666667                  7                1                 1                2                 1                0                 1                0                 1                2                 0              5               4  0.012929
10      10                 0.633333                0.633333                 0.623656                0.649123                  8                1                 1                3                 1                0                 1                0                 1                2                 0              6               4  0.013640
11      11                 0.644444                0.650000                 0.634409                0.666667                  9                1                 1                3                 2                0                 1                0                 1                2                 0              6               5  0.014086
12      12                 0.677778                0.650000                 0.666667                0.666667                 10                1                 1                3                 2                0                 1                0                 2                2                 0              6               6  0.013591
13      13                 0.677778                0.650000                 0.666667                0.666667                 10                1                 2                3                 2                0                 1                0                 2                2                 0              6               7  0.013339
14      14                 0.677778                0.650000                 0.666667                0.666667                 11                1                 2                3                 2                0                 1                0                 3                2                 0              6               8  0.013261
15      15                 0.677778                0.650000                 0.666667                0.666667                 11                1                 3                3                 2                0                 1                0                 3                2                 0              6               9  0.013496
16      16                 0.677778                0.650000                 0.666667                0.666667                 12                1                 3                3                 2                0                 2                0                 3                2                 0              6              10  0.013409
17      17                 0.711111                0.633333                 0.701149                0.650000                 13                1                 3                3                 3                0                 2                0                 3                2                 0              6              11  0.013250
18      18                 0.700000                0.633333                 0.689655                0.650000                 13                1                 3                3                 3                0                 2                1                 3                2                 0              7              11  0.013850
19      19                 0.677778                0.566667                 0.667433                0.583333                 14                1                 3                3                 3                0                 2                2                 3                2                 0              8              11  0.014227
20      20                 0.677778                0.583333                 0.667433                0.600000                 15                1                 3                3                 3                0                 2                2                 3                2                 1              8              12  0.013744
21      21                 0.677778                0.583333                 0.667433                0.600000                 16                1                 3                3                 3                0                 3                2                 3                2                 1              8              13  0.013369
22      22                 0.655556                0.583333                 0.644444                0.600000                 16                1                 3                3                 3                0                 3                2                 3                3                 1              9              13  0.013261
23      23                 0.677778                0.583333                 0.667433                0.600000                 17                1                 4                3                 3                0                 3                2                 3                3                 1              9              14  0.012915
24      24                 0.655556                0.583333                 0.644444                0.600000                 17                1                 4                3                 3                1                 3                2                 3                3                 1             10              14  0.012936
25      25                 0.655556                0.583333                 0.644444                0.600000                 18                1                 4                3                 3                1                 3                3                 3                3                 1             11              14  0.012995
26      26                 0.644444                0.583333                 0.633692                0.600000                 19                1                 4                3                 3                1                 3                3                 3                4                 1             12              14  0.013171
27      27                 0.633333                0.550000                 0.622581                0.566667                 20                1                 4                3                 3                2                 3                3                 3                4                 1             13              14  0.014467
28      28                 0.588889                0.550000                 0.578136                0.566667                 21                1                 4                3                 3                2                 3                3                 3                5                 1             14              14  0.013446
29      29                 0.633333                0.533333                 0.622581                0.550000                 21                1                 4                3                 3                2                 4                3                 3                5                 1             14              15  0.013333
30      30                 0.477778                0.450000                 0.467025                0.466667                 21                2                 4                3                 3                2                 4                3                 3                5                 1             15              15  0.013805
31      31                 0.555556                0.533333                 0.544803                0.550000                 22                2                 4                3                 3                2                 4                3                 3                5                 2             15              16  0.012782
32      32                 0.544444                0.466667                 0.533692                0.483333                 23                2                 4                3                 3                2                 4                3                 3                6                 2             16              16  0.013128
33      33                 0.533333                0.466667                 0.522581                0.483333                 23                2                 4                3                 3                2                 4                3                 3                7                 2             17              16  0.013174
34      34                 0.522222                0.450000                 0.511828                0.466667                 24                2                 4                3                 3                2                 4                4                 3                7                 2             18              16  0.013357
35      35                 0.533333                0.450000                 0.522581                0.466667                 24                2                 4                3                 3                2                 5                4                 3                7                 2             18              17  0.013529
36      36                 0.533333                0.450000                 0.522581                0.466667                 25                2                 4                3                 3                2                 5                4                 4                7                 2             18              18  0.013982
37      37                 0.555556                0.500000                 0.544803                0.516667                 25                2                 5                3                 3                2                 5                4                 4                7                 2             18              19  0.012811
38      38                 0.611111                0.516667                 0.600358                0.533333                 25                2                 5                3                 3                2                 5                5                 4                7                 2             19              19  0.012932
39      39                 0.533333                0.483333                 0.522581                0.500000                 26                2                 5                3                 3                2                 5                6                 4                7                 2             20              19  0.013556
40      40                 0.533333                0.483333                 0.522581                0.500000                 26                2                 5                3                 3                2                 5                6                 5                7                 2             20              20  0.012944
41      41                 0.522222                0.500000                 0.511470                0.516667                 27                2                 6                3                 3                2                 5                6                 5                7                 2             20              21  0.012982
42      42                 0.533333                0.500000                 0.522581                0.516667                 28                2                 7                3                 3                2                 5                6                 5                7                 2             20              22  0.013898
43      43                 0.533333                0.500000                 0.522581                0.516667                 29                2                 7                3                 3                3                 5                6                 5                7                 2             21              22  0.013325
44      44                 0.544444                0.500000                 0.533692                0.516667                 30                2                 7                3                 3                3                 5                7                 5                7                 2             22              22  0.013182
45      45                 0.533333                0.500000                 0.522939                0.516667                 30                2                 7                3                 3                3                 5                7                 5                8                 2             23              22  0.013261
46      46                 0.533333                0.500000                 0.522939                0.516667                 30                2                 7                4                 3                3                 5                7                 5                8                 2             24              22  0.013348
47      47                 0.533333                0.483333                 0.522939                0.499123                 30                2                 7                4                 3                3                 5                7                 6                8                 2             24              23  0.013133
48      48                 0.522222                0.483333                 0.511828                0.499123                 30                2                 7                4                 3                3                 5                7                 6                9                 2             25              23  0.013517
49      49                 0.522222                0.483333                 0.511828                0.499123                 30                2                 7                5                 3                3                 5                7                 6                9                 2             26              23  0.012827
50      50                 0.511111                0.483333                 0.500717                0.498329                 31                2                 7                5                 3                4                 5                7                 6                9                 2             27              23  0.012628
51      51                 0.477778                0.483333                 0.468459                0.497452                 32                2                 7                5                 3                4                 5                8                 6                9                 2             28              23  0.012816
52      52                 0.377778                0.466667                 0.371685                0.479908                 33                2                 7                5                 3                4                 5                9                 6                9                 2             29              23  0.012586
53      53                 0.433333                0.483333                 0.425448                0.497452                 34                2                 7                5                 3                4                 5                9                 7                9                 2             29              24  0.013072
54      54                 0.388889                0.466667                 0.382437                0.479908                 35                2                 7                5                 3                4                 5               10                 7                9                 2             30              24  0.012812
55      55                 0.355556                0.433333                 0.349821                0.445698                 36                2                 7                6                 3                4                 5               10                 7                9                 2             31              24  0.011809
56      56                 0.377778                0.450000                 0.372809                0.461571                 37                2                 7                6                 3                4                 5               10                 7                9                 3             31              25  0.012211
57      57                 0.377778                0.450000                 0.372809                0.461571                 38                2                 7                6                 3                4                 6               10                 7                9                 3             31              26  0.012030
58      58                 0.388889                0.450000                 0.384304                0.461571                 38                2                 7                6                 4                4                 6               10                 7                9                 3             31              27  0.012052
59      59                 0.388889                0.450000                 0.384304                0.461571                 39                2                 8                6                 4                4                 6               10                 7                9                 3             31              28  0.019421
60      60                 0.355556                0.416667                 0.350970                0.428237                 40                2                 8                7                 4                4                 6               10                 7                9                 3             32              28  0.016299
61      61                 0.333333                0.400000                 0.328748                0.411571                 41                2                 8                7                 4                5                 6               10                 7                9                 3             33              28  0.012322
62      62                 0.344444                0.400000                 0.339859                0.411571                 41                2                 8                7                 4                5                 6               11                 7                9                 3             34              28  0.012541
63      63                 0.322222                0.383333                 0.317637                0.394904                 41                3                 8                7                 4                5                 6               11                 7                9                 3             35              28  0.012614
64      64                 0.322222                0.400000                 0.317637                0.411571                 42                3                 8                7                 4                5                 6               11                 8                9                 3             35              29  0.011733
65      65                 0.288889                0.400000                 0.284304                0.411571                 42                3                 8                7                 4                5                 6               12                 8                9                 3             36              29  0.012201
66      66                 0.288889                0.350000                 0.284304                0.361571                 43                3                 8                8                 4                5                 6               12                 8                9                 3             37              29  0.011804
67      67                 0.266667                0.300000                 0.262464                0.311571                 43                3                 8                9                 4                5                 6               12                 8                9                 3             38              29  0.011456
68      68                 0.277778                0.300000                 0.273576                0.311571                 44                3                 8                9                 4                5                 6               13                 8                9                 3             39              29  0.011647
69      69                 0.277778                0.366667                 0.273192                0.378237                 45                3                 8                9                 4                5                 6               13                 8               10                 3             40              29  0.011942
70      70                 0.300000                0.333333                 0.295415                0.344904                 46                3                 9                9                 4                5                 6               13                 8               10                 3             40              30  0.012272
71      71                 0.322222                0.366667                 0.317637                0.378237                 47                3                10                9                 4                5                 6               13                 8               10                 3             40              31  0.012343
72      72                 0.333333                0.366667                 0.328390                0.378237                 47                3                10                9                 5                5                 6               13                 8               10                 3             40              32  0.011213
73      73                 0.322222                0.366667                 0.317637                0.378237                 47                3                10                9                 5                5                 6               14                 8               10                 3             41              32  0.011954
74      74                 0.322222                0.366667                 0.317637                0.378237                 47                3                10                9                 6                5                 6               14                 8               10                 3             41              33  0.012161
75      75                 0.322222                0.366667                 0.317637                0.378237                 47                3                11                9                 6                5                 6               14                 8               10                 3             41              34  0.012078
76      76                 0.311111                0.350000                 0.306143                0.362364                 48                3                11                9                 6                6                 6               14                 8               10                 3             42              34  0.011848
77      77                 0.288889                0.333333                 0.283154                0.346491                 48                3                11                9                 6                7                 6               14                 8               10                 3             43              34  0.011405
78      78                 0.300000                0.333333                 0.294648                0.346491                 48                3                11                9                 6                7                 6               14                 8               10                 4             43              35  0.011589
79      79                 0.322222                0.333333                 0.317637                0.346491                 48                3                11                9                 6                7                 6               14                 8               10                 5             43              36  0.011660
80      80                 0.333333                0.366667                 0.328390                0.378237                 48                3                11                9                 6                7                 7               14                 8               10                 5             43              37  0.010913
81      81                 0.322222                0.350000                 0.317637                0.360693                 49                3                11                9                 6                7                 7               15                 8               10                 5             44              37  0.010308
82      82                 0.322222                0.366667                 0.317637                0.378237                 50                3                11                9                 6                7                 7               15                 9               10                 5             44              38  0.010542
83      83                 0.300000                0.333333                 0.295415                0.344904                 50                4                11                9                 6                7                 7               15                 9               10                 5             45              38  0.009669
84      84                 0.311111                0.333333                 0.306526                0.344904                 50                4                12                9                 6                7                 7               15                 9               10                 5             45              39  0.013399
85      85                 0.288889                0.366667                 0.284304                0.378237                 50                4                12                9                 6                7                 7               15                 9               11                 5             46              39  0.013003
86      86                 0.266667                0.316667                 0.262081                0.327444                 50                4                12                9                 6                7                 7               15                 9               12                 5             47              39  0.010342
87      87                 0.277778                0.383333                 0.275108                0.390936                 50                4                12                9                 6                7                 7               15                 9               12                 6             47              40  0.037148
88      88                 0.266667                0.316667                 0.262464                0.327444                 50                4                12               10                 6                7                 7               15                 9               12                 6             48              40  0.010254
89      89                 0.244444                0.316667                 0.240242                0.327444                 51                4                12               11                 6                7                 7               15                 9               12                 6             49              40  0.009987
90      90                 0.244444                0.333333                 0.240625                0.343317                 52                4                12               12                 6                7                 7               15                 9               12                 6             50              40  0.010893
91      91                 0.244444                0.333333                 0.240625                0.343317                 53                4                12               12                 6                8                 7               15                 9               12                 6             51              40  0.010466
92      92                 0.244444                0.350000                 0.241009                0.359190                 53                4                12               12                 6                9                 7               15                 9               12                 6             52              40  0.009244
93      93                 0.233333                0.333333                 0.229514                0.343317                 54                4                12               13                 6                9                 7               15                 9               12                 6             53              40  0.010554
94      94                 0.255556                0.316667                 0.251736                0.327444                 55                4                12               13                 7                9                 7               15                 9               12                 6             53              41  0.010742
95      95                 0.244444                0.350000                 0.240625                0.359190                 55                4                12               14                 7                9                 7               15                 9               12                 6             54              41  0.009258
96      96                 0.244444                0.333333                 0.240625                0.343317                 56                4                12               14                 7               10                 7               15                 9               12                 6             55              41  0.010305
97      97                 0.233333                0.333333                 0.229131                0.343317                 56                4                12               14                 7               11                 7               15                 9               12                 6             56              41  0.009840
98      98                 0.233333                0.333333                 0.229131                0.343317                 56                4                12               14                 7               12                 7               15                 9               12                 6             57              41  0.010691
99      99                 0.233333                0.333333                 0.229131                0.343317                 56                4                12               14                 7               12                 7               15                 9               12                 7             57              42  0.009314
100    100                 0.222222                0.333333                 0.218020                0.343317                 56                4                12               14                 7               13                 7               15                 9               12                 7             58              42  0.009255
101    101                 0.222222                0.316667                 0.218020                0.327444                 56                4                12               14                 7               14                 7               15                 9               12                 7             59              42  0.009207
102    102                 0.233333                0.316667                 0.229131                0.327444                 56                4                12               14                 7               15                 7               15                 9               12                 7             60              42  0.009240
103    103                 0.233333                0.300000                 0.229131                0.311571                 56                4                12               14                 7               16                 7               15                 9               12                 7             61              42  0.010362
104    104                 0.255556                0.366667                 0.252120                0.375063                 56                4                12               14                 7               17                 7               15                 9               12                 7             62              42  0.009479
105    105                 0.244444                0.350000                 0.240625                0.359190                 56                4                12               15                 7               17                 7               15                 9               12                 7             63              42  0.008894
106    106                 0.244444                0.333333                 0.240625                0.343317                 56                4                12               15                 7               17                 7               15                 9               13                 7             64              42  0.008171
107    107                 0.244444                0.333333                 0.240625                0.343317                 57                4                12               15                 7               17                 7               15                 9               14                 7             65              42  0.008267
108    108                 0.244444                0.316667                 0.240625                0.327444                 58                4                12               16                 7               17                 7               15                 9               14                 7             66              42  0.008333
109    109                 0.244444                0.300000                 0.240625                0.309900                 58                4                12               16                 7               17                 7               16                 9               14                 7             67              42  0.007844
110    110                 0.233333                0.300000                 0.229873                0.309900                 58                4                12               17                 7               17                 7               16                 9               14                 7             68              42  0.007777
111    111                 0.222222                0.300000                 0.218378                0.309900                 58                4                12               18                 7               17                 7               16                 9               14                 7             69              42  0.007450
112    112                 0.222222                0.266667                 0.218378                0.276483                 59                4                12               18                 7               17                 7               17                 9               14                 7             70              42  0.008007
113    113                 0.200000                0.266667                 0.196873                0.276483                 59                4                12               18                 7               18                 7               17                 9               14                 7             71              42  0.008667
114    114                 0.177778                0.266667                 0.175368                0.276483                 60                4                12               18                 7               18                 7               18                 9               14                 7             72              42  0.009237
115    115                 0.155556                0.266667                 0.153862                0.276483                 61                4                12               18                 7               18                 7               19                 9               14                 7             73              42  0.012082
116    116                 0.088889                0.150000                 0.089346                0.153676                 61                4                12               18                 7               18                 7               19                 9               15                 7             74              42  0.010767
117    117                 0.100000                0.150000                 0.100099                0.153676                 62                4                12               18                 7               18                 7               19                10               15                 7             74              43  0.009782
118    118                 0.155556                0.266667                 0.153862                0.276483                 62                4                12               18                 7               18                 7               19                11               15                 7             74              44  0.008333
119    119                 0.133333                0.233333                 0.132357                0.241395                 63                4                12               18                 7               18                 7               20                11               15                 7             75              44  0.009175
120    120                 0.100000                0.150000                 0.100099                0.153676                 63                4                12               18                 7               18                 7               20                11               15                 8             75              45  0.009276
121    121                 0.100000                0.150000                 0.100099                0.153676                 63                4                12               18                 7               18                 7               21                11               15                 8             76              45  0.008783
122    122                 0.077778                0.083333                 0.078593                0.083500                 64                4                12               18                 7               18                 7               22                11               15                 8             77              45  0.009410
123    123                 0.088889                0.133333                 0.089346                0.136132                 64                4                12               18                 7               18                 7               22                11               15                 9             77              46  0.009720
124    124                 0.077778                0.083333                 0.078593                0.083500                 64                4                12               18                 7               18                 7               23                11               15                 9             78              46  0.009244
125    125                 0.066667                0.050000                 0.067841                0.048413                 64                4                12               18                 7               18                 7               23                11               16                 9             79              46  0.008483
126    126                 0.055556                0.050000                 0.057088                0.048413                 64                4                12               18                 7               18                 7               23                11               17                 9             80              46  0.008975
127    127                 0.055556                0.050000                 0.057088                0.048413                 65                4                12               18                 7               18                 7               23                11               18                 9             81              46  0.008327
128    128                 0.055556                0.050000                 0.057088                0.048413                 66                4                12               18                 7               18                 7               23                11               19                 9             82              46  0.008393
129    129                 0.055556                0.050000                 0.057088                0.048413                 66                4                12               19                 7               18                 7               23                11               19                 9             83              46  0.008126
130    130                 0.066667                0.050000                 0.068582                0.048413                 66                4                12               19                 7               19                 7               23                11               19                 9             84              46  0.009723
131    131                 0.055556                0.050000                 0.057088                0.048413                 66                4                12               19                 7               19                 7               24                11               19                 9             85              46  0.008763
132    132                 0.055556                0.033333                 0.056705                0.032540                 66                4                12               19                 7               19                 7               25                11               19                 9             86              46  0.009638
133    133                 0.088889                0.066667                 0.090038                0.065873                 66                4                12               19                 7               19                 7               25                12               19                 9             86              47  0.009591
134    134                 0.100000                0.083333                 0.101149                0.082540                 66                4                12               19                 7               20                 7               25                12               19                 9             87              47  0.007884
135    135                 0.066667                0.033333                 0.067816                0.032540                 66                4                12               19                 7               20                 7               26                12               19                 9             88              47  0.009510
136    136                 0.055556                0.033333                 0.056705                0.032540                 66                4                12               19                 7               20                 7               27                12               19                 9             89              47  0.009579
137    137                 0.066667                0.050000                 0.068199                0.048413                 66                4                12               19                 7               20                 7               27                13               19                 9             89              48  0.023542
138    138                 0.066667                0.033333                 0.068199                0.032540                 67                4                12               19                 7               21                 7               27                13               19                 9             90              48  0.010731
139    139                 0.066667                0.033333                 0.068199                0.032540                 67                4                12               19                 7               21                 7               27                13               19                10             90              49  0.008223
140    140                 0.066667                0.050000                 0.068199                0.048413                 67                4                12               19                 7               21                 7               28                13               19                10             91              49  0.007938
141    141                 0.066667                0.050000                 0.068199                0.048413                 67                4                12               19                 7               22                 7               28                13               19                10             92              49  0.007912
142    142                 0.055556                0.050000                 0.057088                0.048413                 67                4                12               19                 8               22                 7               28                13               19                10             92              50  0.008701
143    143                 0.055556                0.050000                 0.057088                0.048413                 67                4                12               19                 8               23                 7               28                13               19                10             93              50  0.008296
144    144                 0.066667                0.033333                 0.068199                0.032540                 67                4                12               19                 8               23                 7               29                13               19                10             94              50  0.008867
145    145                 0.066667                0.033333                 0.068199                0.032540                 67                4                12               19                 8               23                 7               29                14               19                10             94              51  0.007041
146    146                 0.066667                0.050000                 0.068199                0.048413                 67                4                12               19                 8               23                 7               29                14               20                10             95              51  0.007178
147    147                 0.055556                0.050000                 0.057088                0.048413                 67                4                12               19                 8               23                 7               29                14               20                11             95              52  0.009914
148    148                 0.055556                0.050000                 0.057088                0.048413                 67                4                12               19                 8               23                 7               29                15               20                11             95              53  0.009440
149    149                 0.066667                0.050000                 0.068582                0.048413                 67                4                12               19                 8               24                 7               29                15               20                11             96              53  0.009096
150    150                 0.066667                0.050000                 0.068582                0.048413                 67                4                13               19                 8               24                 7               29                15               20                11             96              54  0.007669
151    151                 0.066667                0.050000                 0.068582                0.048413                 67                4                14               19                 8               24                 7               29                15               20                11             96              55  0.007403
152    152                 0.066667                0.050000                 0.068582                0.048413                 68                4                14               19                 8               25                 7               29                15               20                11             97              55  0.007780
153    153                 0.077778                0.050000                 0.079693                0.048413                 69                4                14               19                 8               26                 7               29                15               20                11             98              55  0.008753
154    154                 0.066667                0.050000                 0.068582                0.048413                 69                4                14               20                 8               26                 7               29                15               20                11             99              55  0.009074
155    155                 0.066667                0.050000                 0.068582                0.048413                 69                4                14               20                 8               26                 7               30                15               20                11            100              55  0.007945
156    156                 0.066667                0.050000                 0.068582                0.048413                 69                4                14               21                 8               26                 7               30                15               20                11            101              55  0.008759
157    157                 0.066667                0.050000                 0.068582                0.048413                 69                4                14               21                 9               26                 7               30                15               20                11            101              56  0.007529
158    158                 0.066667                0.050000                 0.068582                0.048413                 69                4                14               21                 9               26                 7               31                15               20                11            102              56  0.009253
159    159                 0.066667                0.050000                 0.068582                0.048413                 69                4                14               21                 9               26                 7               31                15               21                11            103              56  0.007074
160    160                 0.066667                0.050000                 0.068582                0.048413                 69                4                14               21                 9               27                 7               31                15               21                11            104              56  0.006662
161    161                 0.066667                0.050000                 0.068582                0.048413                 70                4                14               21                 9               28                 7               31                15               21                11            105              56  0.008525
162    162                 0.066667                0.050000                 0.068582                0.048413                 70                4                14               21                 9               28                 7               31                15               21                12            105              57  0.006705
163    163                 0.066667                0.050000                 0.068582                0.048413                 70                4                15               21                 9               28                 7               31                15               21                12            105              58  0.007392
164    164                 0.066667                0.050000                 0.068582                0.048413                 70                4                15               21                 9               28                 7               32                15               21                12            106              58  0.008765
165    165                 0.066667                0.050000                 0.068582                0.048413                 70                4                15               21                 9               28                 7               32                15               21                13            106              59  0.007574
166    166                 0.066667                0.050000                 0.068582                0.048413                 70                4                15               21                 9               29                 7               32                15               21                13            107              59  0.010094
167    167                 0.077778                0.050000                 0.079693                0.048413                 70                4                15               22                 9               29                 7               32                15               21                13            108              59  0.008511
168    168                 0.066667                0.050000                 0.068582                0.048413                 70                4                15               23                 9               29                 7               32                15               21                13            109              59  0.008024
169    169                 0.066667                0.050000                 0.068582                0.048413                 70                4                15               23                 9               29                 7               32                16               21                13            109              60  0.006541
170    170                 0.066667                0.050000                 0.068582                0.048413                 70                4                16               23                 9               29                 7               32                16               21                13            109              61  0.006131
171    171                 0.066667                0.050000                 0.068582                0.048413                 70                4                16               24                 9               29                 7               32                16               21                13            110              61  0.006801
172    172                 0.066667                0.050000                 0.068582                0.048413                 70                4                16               25                 9               29                 7               32                16               21                13            111              61  0.006469
173    173                 0.077778                0.050000                 0.079693                0.048413                 70                4                16               25                 9               29                 8               32                16               21                13            111              62  0.007079
174    174                 0.077778                0.050000                 0.079693                0.048413                 70                4                16               25                 9               30                 8               32                16               21                13            112              62  0.005836
175    175                 0.066667                0.050000                 0.068582                0.048413                 70                4                16               25                 9               30                 8               33                16               21                13            113              62  0.006498
176    176                 0.066667                0.050000                 0.068582                0.048413                 70                4                16               25                 9               30                 8               34                16               21                13            114              62  0.006515
177    177                 0.066667                0.050000                 0.068582                0.048413                 70                4                16               26                 9               30                 8               34                16               21                13            115              62  0.007165
178    178                 0.066667                0.066667                 0.068582                0.064286                 70                4                17               26                 9               30                 8               34                16               21                13            115              63  0.007530
179    179                 0.066667                0.066667                 0.068582                0.064286                 71                4                17               26                 9               30                 9               34                16               21                13            115              64  0.007199
180    180                 0.066667                0.066667                 0.068582                0.064286                 71                4                17               27                 9               30                 9               34                16               21                13            116              64  0.006263




Total number of Acive Learning Instances : 55



Extra instances added due to knowledge base similarity : 17



KNOWLEDGE BASE METRICS

   No. of Instances  Accuracy  f1-score
1                12  0.750000  0.533333
4                 6  0.333333  0.166667
3                 4  1.000000  1.000000
2                11  1.000000  1.000000
0                12  0.666667  0.613553


SIMILAR INSTANCES METRICS

     No. of similar Instances     Similar Instances  Similar Instances Shared Label  Accuracy  f1-score  Annotator
138                         1                 [127]                               2       1.0       1.0          1
121                         1                 [142]                               2       1.0       1.0          1
82                          2              [79, 50]                               1       1.0       1.0          4
52                          1                  [80]                               1       1.0       1.0          3
7                           1                  [10]                               0       1.0       1.0          3
111                         2            [144, 110]                               2       1.0       1.0          2
88                          2              [70, 96]                               1       1.0       1.0          2
70                          1                 [136]                               1       0.0       0.0          2
109                         4  [140, 115, 121, 106]                               2       1.0       1.0          2
133                         1                  [72]                               2       0.0       0.0          2
80                          1                  [81]                               1       1.0       1.0          0


KNOWLEDGE BASE CLASSIFIER METRIC

                 After Warmup Accuracy on Boot Data  After Warmup F1 Score on Boot Data  After Warmup Accuracy on Validation Data  After Warmup F1 Score on Validation Data  After Training Accuracy on Validation Data  After Training F1 Score on Validation Data
Annotator Model                                1.00                            1.000000                                  0.783333                                  0.765105                                    0.966667                                    0.967033
W Optimal                                      0.75                            0.555556                                  0.650000                                  0.551913                                    0.633333                                    0.612434
Majority                                       1.00                            1.000000                                  0.783333                                  0.765105                                    0.833333                                    0.830556
True Labels                                    1.00                            1.000000                                  0.783333                                  0.765105                                    0.966667                                    0.967460


KNOWLEDGE BASE ANNOTATOR METRIC

                  Annotator Accuracy after Warmup on Boot Data  Annotator F1 Score after Warmup on Boot Data  Annotator Accuracy after Training  Annotator F1 Score after Training
Weighted Average                                          0.75                                      0.555556                           0.745455                           0.712651
Maximum Index                                             1.00                                      1.000000                           0.745455                           0.711643

WITHOUT KNOWLEDGE BASE CLASSIFIER METRIC

                 After Warmup Accuracy on Boot Data After Warmup F1 Score on Boot Data  After Warmup Accuracy on Validation Data                      After Warmup F1 Score on Validation Data  After Training Accuracy on Validation Data                    After Training F1 Score on Validation Data
Annotator Model                                1.00                    [1.0, 1.0, 1.0]                                  0.783333  [0.9743589743589743, 0.5517241379310345, 0.7692307692307693]                                    0.933333  [0.9444444444444444, 0.9130434782608696, 0.9473684210526316]
W Optimal                                      0.75     [1.0, 0.0, 0.6666666666666666]                                  0.650000                                [1.0, 0.0, 0.6557377049180327]                                    0.766667                 [1.0, 0.7200000000000001, 0.5625000000000001]
Majority                                       1.00                    [1.0, 1.0, 1.0]                                  0.783333  [0.9743589743589743, 0.5517241379310345, 0.7692307692307693]                                    0.966667                 [1.0, 0.9545454545454545, 0.9473684210526316]
True Labels                                    1.00                    [1.0, 1.0, 1.0]                                  0.783333  [0.9743589743589743, 0.5517241379310345, 0.7692307692307693]                                    0.966667                 [1.0, 0.9523809523809523, 0.9500000000000001]


WITHOUT KNOWLEDGE BASE ANNOTATOR METRIC

                  Annotator Accuracy after Warmup on Boot Data Annotator F1 Score after Warmup on Boot Data  Annotator Accuracy after Training                             Annotator F1 Score after Training
Weighted Average                                          0.75               [1.0, 0.0, 0.6666666666666666]                           0.906977  [0.6666666666666666, 0.9302325581395349, 0.9189189189189189]
Maximum Index                                             1.00                              [1.0, 1.0, 1.0]                           0.860465                  [0.5, 0.9047619047619048, 0.888888888888889]


