MAPAL RESULTS

parkinsons-simulated-x
Budget : 0.4

Number of classes : 2


     index  train-micro-misclf-rate  test-micro-misclf-rate  train-macro-misclf-rate  test-macro-misclf-rate  n-labeled-samples  n-true-labels-0  n-false-labels-0  n-true-labels-1  n-false-labels-1  n-true-labels-2  n-false-labels-2  n-true-labels-3  n-false-labels-3  n-true-labels-4  n-false-labels-4  n-true-labels  n-false-labels     times
0        0                 0.435897                0.474359                 0.480769                0.525974                  0                0                 0                0                 0                0                 0                0                 0                0                 0              0               0  0.000000
1        1                 0.777778                0.717949                 0.500000                0.500000                  1                0                 1                0                 0                0                 0                0                 0                0                 0              0               1  0.012890
2        2                 0.290598                0.320513                 0.241758                0.278409                  2                0                 1                0                 0                0                 0                1                 0                0                 0              1               1  0.012308
3        3                 0.393162                0.423077                 0.513736                0.460227                  3                0                 1                0                 0                0                 1                1                 0                0                 0              1               2  0.012887
4        4                 0.273504                0.294872                 0.532967                0.508929                  4                0                 1                0                 0                0                 1                1                 0                0                 1              1               3  0.013629
5        5                 0.222222                0.282051                 0.500000                0.500000                  4                0                 1                1                 0                0                 1                1                 0                0                 1              2               3  0.013210
6        6                 0.222222                0.282051                 0.500000                0.500000                  5                0                 1                1                 0                0                 1                1                 0                1                 1              3               3  0.014492
7        7                 0.324786                0.346154                 0.565934                0.530844                  5                0                 1                1                 0                0                 1                1                 1                1                 1              3               4  0.013584
8        8                 0.401709                0.384615                 0.519231                0.447240                  5                0                 1                1                 0                1                 1                1                 1                1                 1              4               4  0.013317
9        9                 0.401709                0.423077                 0.519231                0.446429                  5                0                 1                1                 0                1                 1                1                 2                1                 1              4               5  0.014077
10      10                 0.452991                0.487179                 0.552198                0.491071                  6                0                 1                1                 0                1                 1                1                 3                1                 1              4               6  0.014251
11      11                 0.495726                0.551282                 0.538462                0.508117                  7                0                 2                1                 0                1                 1                1                 3                1                 1              4               7  0.014133
12      12                 0.470085                0.538462                 0.521978                0.499188                  8                0                 2                1                 0                2                 1                1                 3                1                 1              5               7  0.014464
13      13                 0.435897                0.487179                 0.554945                0.532468                  8                0                 2                1                 0                2                 1                2                 3                1                 1              6               7  0.014178
14      14                 0.418803                0.371795                 0.543956                0.452110                  9                0                 2                1                 0                3                 1                2                 3                1                 1              7               7  0.014051
15      15                 0.393162                0.333333                 0.527473                0.452922                 10                0                 2                1                 0                3                 1                3                 3                1                 1              8               7  0.013549
16      16                 0.341880                0.307692                 0.494505                0.435065                 11                0                 2                1                 0                3                 1                4                 3                1                 1              9               7  0.013741
17      17                 0.316239                0.294872                 0.532967                0.495130                 11                0                 2                1                 0                3                 1                4                 4                1                 1              9               8  0.013775
18      18                 0.247863                0.282051                 0.516484                0.500000                 12                0                 2                1                 0                3                 1                5                 4                1                 1             10               8  0.013732
19      19                 0.239316                0.282051                 0.510989                0.500000                 13                0                 2                1                 0                3                 1                5                 4                2                 1             11               8  0.014243
20      20                 0.299145                0.294872                 0.549451                0.508929                 14                0                 2                1                 0                3                 1                5                 5                2                 1             11               9  0.014073
21      21                 0.307692                0.269231                 0.500000                0.435877                 15                0                 2                1                 0                3                 1                6                 5                2                 1             12               9  0.015022
22      22                 0.307692                0.282051                 0.513736                0.458604                 16                0                 2                1                 0                3                 1                7                 5                2                 1             13               9  0.014376
23      23                 0.290598                0.282051                 0.516484                0.486201                 17                0                 2                1                 0                3                 1                7                 5                3                 1             14               9  0.014261
24      24                 0.367521                0.307692                 0.565934                0.504058                 18                0                 2                1                 0                3                 1                7                 5                3                 2             14              10  0.014040
25      25                 0.341880                0.294872                 0.508242                0.467532                 19                0                 2                1                 0                3                 1                8                 5                3                 2             15              10  0.014119
26      26                 0.324786                0.294872                 0.497253                0.481331                 20                0                 2                1                 0                3                 1                9                 5                3                 2             16              10  0.014601
27      27                 0.333333                0.269231                 0.489011                0.435877                 20                0                 2                1                 0                3                 1                9                 5                4                 2             17              10  0.014242
28      28                 0.299145                0.256410                 0.398352                0.413149                 21                0                 2                1                 0                3                 1                9                 5                5                 2             18              10  0.013565
29      29                 0.299145                0.256410                 0.398352                0.413149                 21                0                 2                1                 0                4                 1                9                 5                5                 2             19              10  0.014073
30      30                 0.264957                0.217949                 0.376374                0.358766                 21                0                 2                1                 0                4                 1                9                 5                6                 2             20              10  0.013906
31      31                 0.307692                0.217949                 0.403846                0.358766                 22                0                 2                1                 1                4                 1                9                 5                6                 2             20              11  0.014545
32      32                 0.273504                0.217949                 0.381868                0.358766                 23                0                 2                1                 1                5                 1                9                 5                6                 2             21              11  0.013600
33      33                 0.316239                0.217949                 0.409341                0.358766                 23                0                 2                1                 1                5                 1                9                 5                6                 3             21              12  0.013419
34      34                 0.273504                0.230769                 0.381868                0.367695                 24                0                 2                1                 1                5                 1               10                 5                6                 3             22              12  0.013421
35      35                 0.282051                0.230769                 0.387363                0.367695                 24                1                 2                1                 1                5                 1               10                 5                6                 3             23              12  0.013496
36      36                 0.282051                0.230769                 0.387363                0.367695                 24                2                 2                1                 1                5                 1               10                 5                6                 3             24              12  0.013635
37      37                 0.256410                0.217949                 0.370879                0.358766                 25                2                 2                1                 1                6                 1               10                 5                6                 3             25              12  0.013346
38      38                 0.264957                0.179487                 0.348901                0.290584                 26                2                 2                1                 1                7                 1               10                 5                6                 3             26              12  0.014157
39      39                 0.247863                0.179487                 0.337912                0.290584                 27                2                 2                1                 1                8                 1               10                 5                6                 3             27              12  0.013457
40      40                 0.247863                0.192308                 0.337912                0.299513                 28                2                 2                1                 1                8                 2               10                 5                6                 3             27              13  0.013570
41      41                 0.256410                0.166667                 0.315934                0.254058                 29                2                 2                1                 1                8                 2               10                 5                7                 3             28              13  0.013968
42      42                 0.256410                0.192308                 0.343407                0.299513                 30                2                 2                1                 1                9                 2               10                 5                7                 3             29              13  0.013638
43      43                 0.256410                0.230769                 0.343407                0.326299                 31                2                 2                2                 1                9                 2               10                 5                7                 3             30              13  0.013262
44      44                 0.256410                0.230769                 0.343407                0.326299                 32                2                 2                2                 1                9                 3               10                 5                7                 3             30              14  0.012991
45      45                 0.247863                0.230769                 0.337912                0.326299                 33                2                 2                2                 1               10                 3               10                 5                7                 3             31              14  0.013038
46      46                 0.239316                0.230769                 0.332418                0.326299                 34                2                 2                3                 1               10                 3               10                 5                7                 3             32              14  0.013702
47      47                 0.230769                0.230769                 0.326923                0.326299                 35                2                 2                3                 1               11                 3               10                 5                7                 3             33              14  0.013797
48      48                 0.230769                0.230769                 0.326923                0.326299                 36                2                 3                3                 1               11                 3               10                 5                7                 3             33              15  0.013563
49      49                 0.222222                0.205128                 0.321429                0.308442                 37                2                 3                4                 1               11                 3               10                 5                7                 3             34              15  0.013410
50      50                 0.230769                0.205128                 0.340659                0.308442                 38                2                 3                4                 2               11                 3               10                 5                7                 3             34              16  0.013219
51      51                 0.239316                0.205128                 0.346154                0.308442                 39                2                 3                4                 2               11                 4               10                 5                7                 3             34              17  0.013130
52      52                 0.230769                0.179487                 0.340659                0.290584                 40                2                 3                4                 2               12                 4               10                 5                7                 3             35              17  0.013330
53      53                 0.230769                0.179487                 0.340659                0.290584                 41                2                 3                4                 2               13                 4               10                 5                7                 3             36              17  0.013191
54      54                 0.230769                0.179487                 0.340659                0.290584                 42                2                 3                4                 2               14                 4               10                 5                7                 3             37              17  0.013519
55      55                 0.230769                0.179487                 0.340659                0.290584                 43                2                 3                4                 2               15                 4               10                 5                7                 3             38              17  0.013405
56      56                 0.230769                0.179487                 0.340659                0.290584                 43                2                 3                4                 2               16                 4               10                 5                7                 3             39              17  0.014024
57      57                 0.230769                0.179487                 0.340659                0.290584                 44                2                 3                4                 2               16                 4               10                 5                8                 3             40              17  0.014175
58      58                 0.247863                0.192308                 0.379121                0.313312                 45                2                 3                4                 2               16                 5               10                 5                8                 3             40              18  0.013436
59      59                 0.256410                0.192308                 0.398352                0.313312                 45                2                 3                4                 3               16                 5               10                 5                8                 3             40              19  0.013340
60      60                 0.256410                0.192308                 0.398352                0.313312                 46                2                 3                4                 3               16                 5               10                 6                8                 3             40              20  0.013453
61      61                 0.264957                0.192308                 0.403846                0.313312                 47                2                 3                4                 3               17                 5               10                 6                8                 3             41              20  0.013511
62      62                 0.264957                0.192308                 0.403846                0.313312                 48                2                 3                4                 3               18                 5               10                 6                8                 3             42              20  0.013235
63      63                 0.256410                0.192308                 0.398352                0.313312                 49                2                 3                4                 3               18                 5               11                 6                8                 3             43              20  0.013193
64      64                 0.256410                0.192308                 0.398352                0.313312                 49                3                 3                4                 3               18                 5               11                 6                8                 3             44              20  0.013022
65      65                 0.239316                0.205128                 0.387363                0.336039                 50                3                 3                4                 3               19                 5               11                 6                8                 3             45              20  0.013392
66      66                 0.239316                0.217949                 0.387363                0.358766                 50                3                 3                4                 3               19                 5               12                 6                8                 3             46              20  0.016683
67      67                 0.239316                0.217949                 0.387363                0.358766                 51                3                 3                4                 3               19                 5               13                 6                8                 3             47              20  0.013793
68      68                 0.239316                0.217949                 0.387363                0.358766                 51                3                 4                4                 3               19                 5               13                 6                8                 3             47              21  0.013118
69      69                 0.239316                0.217949                 0.387363                0.358766                 52                4                 4                4                 3               19                 5               13                 6                8                 3             48              21  0.012492
70      70                 0.239316                0.217949                 0.387363                0.358766                 53                4                 4                4                 3               20                 5               13                 6                8                 3             49              21  0.012739
71      71                 0.239316                0.230769                 0.387363                0.381494                 54                4                 4                4                 3               21                 5               13                 6                8                 3             50              21  0.012879
72      72                 0.239316                0.243590                 0.387363                0.404221                 55                4                 4                4                 3               21                 6               13                 6                8                 3             50              22  0.012331
73      73                 0.239316                0.243590                 0.387363                0.404221                 56                4                 4                5                 3               21                 6               13                 6                8                 3             51              22  0.012822
74      74                 0.247863                0.243590                 0.392857                0.404221                 56                4                 5                5                 3               21                 6               13                 6                8                 3             51              23  0.012825
75      75                 0.247863                0.230769                 0.392857                0.381494                 57                4                 5                5                 3               21                 6               13                 7                8                 3             51              24  0.013368
76      76                 0.247863                0.230769                 0.392857                0.381494                 57                4                 5                5                 3               21                 6               13                 8                8                 3             51              25  0.013220
77      77                 0.247863                0.243590                 0.392857                0.404221                 58                4                 5                5                 3               21                 6               14                 8                8                 3             52              25  0.013041
78      78                 0.239316                0.243590                 0.387363                0.404221                 58                5                 5                5                 3               21                 6               14                 8                8                 3             53              25  0.012957
79      79                 0.247863                0.230769                 0.392857                0.381494                 58                5                 5                5                 3               21                 6               14                 9                8                 3             53              26  0.012827
80      80                 0.247863                0.243590                 0.392857                0.404221                 59                5                 5                5                 3               22                 6               14                 9                8                 3             54              26  0.013134
81      81                 0.239316                0.243590                 0.387363                0.404221                 60                5                 5                5                 3               22                 6               15                 9                8                 3             55              26  0.012380
82      82                 0.239316                0.230769                 0.387363                0.381494                 61                5                 5                5                 3               22                 6               15                10                8                 3             55              27  0.012763
83      83                 0.230769                0.243590                 0.381868                0.404221                 61                5                 5                5                 3               22                 6               15                10                9                 3             56              27  0.012626
84      84                 0.222222                0.269231                 0.376374                0.449675                 62                5                 5                5                 3               23                 6               15                10                9                 3             57              27  0.012772
85      85                 0.222222                0.269231                 0.376374                0.449675                 63                5                 5                5                 3               24                 6               15                10                9                 3             58              27  0.018391
86      86                 0.222222                0.256410                 0.376374                0.426948                 64                5                 5                5                 3               24                 6               15                10               10                 3             59              27  0.014753
87      87                 0.222222                0.256410                 0.376374                0.426948                 65                5                 5                5                 3               25                 6               15                10               10                 3             60              27  0.040848
88      88                 0.222222                0.256410                 0.376374                0.426948                 66                5                 5                5                 3               26                 6               15                10               10                 3             61              27  0.012491
89      89                 0.222222                0.256410                 0.376374                0.426948                 67                5                 5                5                 3               27                 6               15                10               10                 3             62              27  0.012897
90      90                 0.213675                0.243590                 0.357143                0.404221                 68                5                 5                5                 3               28                 6               15                10               10                 3             63              27  0.012750
91      91                 0.222222                0.256410                 0.376374                0.426948                 69                5                 5                6                 3               28                 6               15                10               10                 3             64              27  0.012688
92      92                 0.222222                0.256410                 0.376374                0.426948                 70                5                 5                6                 3               28                 6               16                10               10                 3             65              27  0.012704
93      93                 0.222222                0.205128                 0.376374                0.336039                 70                5                 5                7                 3               28                 6               16                10               10                 3             66              27  0.012576
94      94                 0.222222                0.217949                 0.376374                0.358766                 70                5                 5                8                 3               28                 6               16                10               10                 3             67              27  0.012492
95      95                 0.222222                0.217949                 0.376374                0.358766                 71                5                 5                8                 3               29                 6               16                10               10                 3             68              27  0.012366
96      96                 0.222222                0.217949                 0.376374                0.358766                 72                5                 5                8                 3               30                 6               16                10               10                 3             69              27  0.012257
97      97                 0.230769                0.230769                 0.395604                0.381494                 73                5                 5                8                 3               30                 7               16                10               10                 3             69              28  0.012199
98      98                 0.230769                0.230769                 0.395604                0.381494                 73                5                 5                8                 4               30                 7               16                10               10                 3             69              29  0.012219
99      99                 0.247863                0.230769                 0.434066                0.381494                 74                5                 5                8                 4               30                 8               16                10               10                 3             69              30  0.011779
100    100                 0.247863                0.217949                 0.434066                0.358766                 74                5                 5                9                 4               30                 8               16                10               10                 3             70              30  0.011735
101    101                 0.239316                0.217949                 0.428571                0.358766                 74                6                 5                9                 4               30                 8               16                10               10                 3             71              30  0.011728
102    102                 0.239316                0.217949                 0.428571                0.358766                 74                6                 5                9                 4               30                 8               16                10               11                 3             72              30  0.011691
103    103                 0.239316                0.217949                 0.428571                0.358766                 74                7                 5                9                 4               30                 8               16                10               11                 3             73              30  0.011877
104    104                 0.230769                0.217949                 0.409341                0.358766                 74                7                 5               10                 4               30                 8               16                10               11                 3             74              30  0.012556
105    105                 0.222222                0.217949                 0.390110                0.358766                 74                7                 5               11                 4               30                 8               16                10               11                 3             75              30  0.012543
106    106                 0.213675                0.205128                 0.370879                0.336039                 74                7                 5               11                 4               30                 8               16                10               12                 3             76              30  0.012210
107    107                 0.213675                0.217949                 0.370879                0.358766                 74                7                 5               11                 4               30                 8               17                10               12                 3             77              30  0.011885
108    108                 0.205128                0.217949                 0.351648                0.358766                 75                7                 5               11                 4               30                 8               18                10               12                 3             78              30  0.011822
109    109                 0.205128                0.205128                 0.351648                0.336039                 75                7                 5               11                 4               30                 8               18                10               13                 3             79              30  0.012265
110    110                 0.162393                0.141026                 0.255495                0.222403                 76                7                 5               11                 4               30                 8               18                10               14                 3             80              30  0.012761
111    111                 0.170940                0.141026                 0.274725                0.222403                 76                7                 5               11                 4               30                 8               19                10               14                 3             81              30  0.013922
112    112                 0.170940                0.141026                 0.274725                0.222403                 77                7                 5               11                 4               30                 8               19                11               14                 3             81              31  0.012519
113    113                 0.179487                0.153846                 0.280220                0.231331                 78                7                 5               11                 5               30                 8               19                11               14                 3             81              32  0.012079
114    114                 0.170940                0.141026                 0.274725                0.222403                 78                7                 5               11                 5               30                 8               20                11               14                 3             82              32  0.011889
115    115                 0.179487                0.141026                 0.293956                0.222403                 79                7                 6               11                 5               30                 8               20                11               14                 3             82              33  0.011846
116    116                 0.170940                0.141026                 0.274725                0.222403                 79                7                 6               11                 5               30                 8               21                11               14                 3             83              33  0.012039
117    117                 0.153846                0.141026                 0.236264                0.222403                 80                7                 6               11                 5               30                 8               21                11               15                 3             84              33  0.012101
118    118                 0.153846                0.141026                 0.236264                0.222403                 80                7                 6               11                 5               30                 8               22                11               15                 3             85              33  0.012440
119    119                 0.145299                0.141026                 0.217033                0.222403                 80                7                 6               11                 5               30                 8               22                11               16                 3             86              33  0.011729
120    120                 0.153846                0.141026                 0.222527                0.222403                 80                7                 6               11                 5               30                 8               22                11               16                 4             86              34  0.011324
121    121                 0.145299                0.166667                 0.217033                0.267857                 80                7                 6               12                 5               30                 8               22                11               16                 4             87              34  0.012020
122    122                 0.145299                0.166667                 0.217033                0.267857                 80                7                 6               13                 5               30                 8               22                11               16                 4             88              34  0.011133
123    123                 0.145299                0.166667                 0.217033                0.267857                 80                7                 6               13                 5               30                 8               22                11               17                 4             89              34  0.011084
124    124                 0.136752                0.166667                 0.197802                0.267857                 80                7                 6               14                 5               30                 8               22                11               17                 4             90              34  0.011753
125    125                 0.119658                0.153846                 0.159341                0.245130                 80                7                 6               15                 5               30                 8               22                11               17                 4             91              34  0.011391
126    126                 0.119658                0.128205                 0.145604                0.199675                 80                7                 6               16                 5               30                 8               22                11               17                 4             92              34  0.013702
127    127                 0.119658                0.153846                 0.145604                0.231331                 80                7                 6               16                 5               30                 8               22                11               18                 4             93              34  0.016930
128    128                 0.128205                0.153846                 0.151099                0.231331                 80                7                 6               16                 5               30                 8               22                11               18                 5             93              35  0.011993
129    129                 0.119658                0.141026                 0.145604                0.222403                 80                7                 6               17                 5               30                 8               22                11               18                 5             94              35  0.011347
130    130                 0.119658                0.141026                 0.145604                0.222403                 81                7                 6               17                 6               30                 8               22                11               18                 5             94              36  0.010503
131    131                 0.119658                0.141026                 0.145604                0.222403                 81                7                 6               18                 6               30                 8               22                11               18                 5             95              36  0.010475
132    132                 0.119658                0.153846                 0.145604                0.245130                 82                7                 6               18                 6               31                 8               22                11               18                 5             96              36  0.010432
133    133                 0.111111                0.153846                 0.140110                0.245130                 82                7                 6               19                 6               31                 8               22                11               18                 5             97              36  0.010309
134    134                 0.111111                0.141026                 0.140110                0.222403                 82                7                 6               19                 6               32                 8               22                11               18                 5             98              36  0.010577
135    135                 0.111111                0.141026                 0.140110                0.222403                 82                7                 6               19                 6               33                 8               22                11               18                 5             99              36  0.011386
136    136                 0.111111                0.153846                 0.140110                0.245130                 82                7                 6               19                 6               33                 8               22                11               19                 5            100              36  0.010918
137    137                 0.111111                0.153846                 0.140110                0.245130                 83                7                 6               20                 6               33                 8               22                11               19                 5            101              36  0.011464
138    138                 0.111111                0.153846                 0.140110                0.245130                 84                7                 6               21                 6               33                 8               22                11               19                 5            102              36  0.009871
139    139                 0.111111                0.153846                 0.140110                0.245130                 84                7                 6               21                 6               33                 8               22                12               19                 5            102              37  0.010970
140    140                 0.111111                0.141026                 0.140110                0.222403                 84                7                 6               21                 7               33                 8               22                12               19                 5            102              38  0.010010
141    141                 0.119658                0.141026                 0.145604                0.222403                 84                7                 6               21                 8               33                 8               22                12               19                 5            102              39  0.009862
142    142                 0.111111                0.141026                 0.140110                0.222403                 84                8                 6               21                 8               33                 8               22                12               19                 5            103              39  0.009613
143    143                 0.111111                0.141026                 0.140110                0.222403                 84                8                 6               22                 8               33                 8               22                12               19                 5            104              39  0.010308
144    144                 0.102564                0.141026                 0.134615                0.222403                 84                8                 6               22                 8               34                 8               22                12               19                 5            105              39  0.010738
145    145                 0.102564                0.141026                 0.134615                0.222403                 84                8                 6               23                 8               34                 8               22                12               19                 5            106              39  0.010559
146    146                 0.102564                0.141026                 0.134615                0.222403                 84                8                 6               23                 8               34                 8               22                12               19                 6            106              40  0.010663
147    147                 0.102564                0.141026                 0.134615                0.222403                 84                8                 6               23                 8               34                 8               22                12               20                 6            107              40  0.010678
148    148                 0.102564                0.128205                 0.134615                0.213474                 84                8                 6               23                 8               34                 8               22                13               20                 6            107              41  0.013669
149    149                 0.102564                0.153846                 0.134615                0.231331                 84                8                 6               23                 8               34                 8               22                13               21                 6            108              41  0.010571
150    150                 0.094017                0.141026                 0.115385                0.208604                 84                8                 6               23                 8               35                 8               22                13               21                 6            109              41  0.010483
151    151                 0.102564                0.153846                 0.134615                0.231331                 84                8                 6               23                 8               35                 8               22                13               21                 7            109              42  0.010586
152    152                 0.102564                0.153846                 0.134615                0.231331                 84                8                 7               23                 8               35                 8               22                13               21                 7            109              43  0.010198
153    153                 0.111111                0.192308                 0.140110                0.258117                 84                8                 7               23                 8               35                 8               22                13               21                 8            109              44  0.010227
154    154                 0.111111                0.192308                 0.140110                0.258117                 85                8                 7               24                 8               35                 8               22                13               21                 8            110              44  0.010358
155    155                 0.111111                0.192308                 0.140110                0.258117                 86                8                 7               24                 8               35                 9               22                13               21                 8            110              45  0.009937
156    156                 0.111111                0.192308                 0.140110                0.258117                 86                8                 7               24                 9               35                 9               22                13               21                 8            110              46  0.009898
157    157                 0.111111                0.205128                 0.140110                0.280844                 86                8                 7               24                 9               35                 9               23                13               21                 8            111              46  0.009944
158    158                 0.119658                0.205128                 0.145604                0.280844                 86                8                 7               24                 9               35                 9               23                14               21                 8            111              47  0.009991
159    159                 0.111111                0.205128                 0.140110                0.280844                 86                8                 7               24                 9               35                 9               23                14               22                 8            112              47  0.009983
160    160                 0.111111                0.205128                 0.140110                0.280844                 86                9                 7               24                 9               35                 9               23                14               22                 8            113              47  0.009848
161    161                 0.111111                0.205128                 0.140110                0.280844                 86                9                 7               24                 9               36                 9               23                14               22                 8            114              47  0.009833
162    162                 0.111111                0.205128                 0.140110                0.280844                 86                9                 7               24                 9               36                10               23                14               22                 8            114              48  0.009736
163    163                 0.111111                0.205128                 0.140110                0.280844                 87                9                 7               24                 9               37                10               23                14               22                 8            115              48  0.009854
164    164                 0.111111                0.217949                 0.140110                0.303571                 88                9                 7               25                 9               37                10               23                14               22                 8            116              48  0.010200
165    165                 0.111111                0.217949                 0.140110                0.303571                 89                9                 7               25                 9               38                10               23                14               22                 8            117              48  0.009889
166    166                 0.111111                0.230769                 0.140110                0.326299                 90                9                 7               26                 9               38                10               23                14               22                 8            118              48  0.013271
167    167                 0.102564                0.256410                 0.134615                0.371753                 91                9                 7               27                 9               38                10               23                14               22                 8            119              48  0.009758
168    168                 0.111111                0.256410                 0.153846                0.371753                 91                9                 7               27                 9               39                10               23                14               22                 8            120              48  0.010009
169    169                 0.111111                0.256410                 0.153846                0.371753                 91                9                 7               27                 9               39                10               24                14               22                 8            121              48  0.010267
170    170                 0.111111                0.230769                 0.153846                0.326299                 91                9                 7               28                 9               39                10               24                14               22                 8            122              48  0.010009
171    171                 0.111111                0.230769                 0.153846                0.326299                 92                9                 7               28                 9               40                10               24                14               22                 8            123              48  0.009656
172    172                 0.111111                0.230769                 0.153846                0.326299                 93                9                 7               29                 9               40                10               24                14               22                 8            124              48  0.009950
173    173                 0.111111                0.230769                 0.153846                0.326299                 93                9                 7               29                 9               40                10               25                14               22                 8            125              48  0.009774
174    174                 0.111111                0.243590                 0.153846                0.349026                 94                9                 7               29                 9               40                10               25                14               23                 8            126              48  0.009616
175    175                 0.111111                0.243590                 0.153846                0.349026                 95                9                 7               29                 9               40                11               25                14               23                 8            126              49  0.009124
176    176                 0.111111                0.243590                 0.153846                0.349026                 95                9                 7               29                 9               40                11               26                14               23                 8            127              49  0.009428
177    177                 0.111111                0.243590                 0.153846                0.349026                 95                9                 7               29                 9               40                11               27                14               23                 8            128              49  0.009630
178    178                 0.111111                0.243590                 0.153846                0.349026                 96                9                 7               29                 9               40                11               28                14               23                 8            129              49  0.009469
179    179                 0.111111                0.243590                 0.153846                0.349026                 96                9                 7               29                 9               40                11               29                14               23                 8            130              49  0.008825
180    180                 0.111111                0.243590                 0.153846                0.349026                 97                9                 7               29                 9               41                11               29                14               23                 8            131              49  0.008728
181    181                 0.111111                0.243590                 0.153846                0.349026                 97                9                 7               29                 9               41                11               29                15               23                 8            131              50  0.010596
182    182                 0.111111                0.243590                 0.153846                0.349026                 97                9                 7               30                 9               41                11               29                15               23                 8            132              50  0.015378
183    183                 0.111111                0.243590                 0.153846                0.349026                 97                9                 8               30                 9               41                11               29                15               23                 8            132              51  0.009396
184    184                 0.119658                0.256410                 0.159341                0.357955                 97                9                 8               30                 9               42                11               29                15               23                 8            133              51  0.008802
185    185                 0.119658                0.256410                 0.159341                0.357955                 97                9                 8               30                 9               42                11               29                15               23                 9            133              52  0.008191
186    186                 0.119658                0.256410                 0.159341                0.357955                 98                9                 8               30                 9               42                11               29                15               24                 9            134              52  0.008375
187    187                 0.119658                0.256410                 0.159341                0.357955                 98               10                 8               30                 9               42                11               29                15               24                 9            135              52  0.008266
188    188                 0.119658                0.256410                 0.159341                0.357955                 98               10                 8               30                 9               42                11               30                15               24                 9            136              52  0.011547
189    189                 0.119658                0.217949                 0.159341                0.289773                 98               10                 8               30                 9               42                11               31                15               24                 9            137              52  0.008562
190    190                 0.119658                0.217949                 0.159341                0.289773                 98               10                 8               30                10               42                11               31                15               24                 9            137              53  0.008412
191    191                 0.119658                0.217949                 0.159341                0.289773                 98               10                 8               30                10               42                11               32                15               24                 9            138              53  0.008507
192    192                 0.119658                0.217949                 0.159341                0.289773                 98               10                 8               30                10               42                11               33                15               24                 9            139              53  0.008060
193    193                 0.119658                0.217949                 0.159341                0.289773                 98               10                 8               30                10               43                11               33                15               24                 9            140              53  0.007774
194    194                 0.119658                0.217949                 0.159341                0.289773                 98               10                 8               30                10               43                11               33                15               25                 9            141              53  0.008422
195    195                 0.119658                0.217949                 0.159341                0.289773                 98               10                 8               30                10               43                11               34                15               25                 9            142              53  0.007482
196    196                 0.119658                0.217949                 0.159341                0.289773                 99               10                 8               30                10               43                11               34                15               25                10            142              54  0.007536
197    197                 0.119658                0.217949                 0.159341                0.289773                 99               10                 8               31                10               43                11               34                15               25                10            143              54  0.008120
198    198                 0.119658                0.217949                 0.159341                0.289773                 99               10                 8               31                10               43                11               34                15               26                10            144              54  0.008146
199    199                 0.119658                0.217949                 0.159341                0.289773                 99               10                 8               31                10               43                11               34                15               27                10            145              54  0.007957
200    200                 0.119658                0.217949                 0.159341                0.289773                 99               10                 8               31                10               43                11               35                15               27                10            146              54  0.009118
201    201                 0.111111                0.230769                 0.153846                0.312500                 99               10                 8               31                10               44                11               35                15               27                10            147              54  0.008010
202    202                 0.111111                0.217949                 0.153846                0.289773                 99               10                 8               32                10               44                11               35                15               27                10            148              54  0.008040
203    203                 0.119658                0.205128                 0.159341                0.267045                 99               10                 9               32                10               44                11               35                15               27                10            148              55  0.008068
204    204                 0.119658                0.205128                 0.159341                0.267045                100               10                 9               33                10               44                11               35                15               27                10            149              55  0.007448
205    205                 0.102564                0.179487                 0.120879                0.221591                101               10                 9               34                10               44                11               35                15               27                10            150              55  0.008334
206    206                 0.102564                0.166667                 0.107143                0.198864                101               10                 9               35                10               44                11               35                15               27                10            151              55  0.009256
207    207                 0.102564                0.179487                 0.107143                0.221591                101               10                 9               36                10               44                11               35                15               27                10            152              55  0.009388
208    208                 0.102564                0.179487                 0.120879                0.221591                102               10                 9               37                10               44                11               35                15               27                10            153              55  0.009459
209    209                 0.119658                0.205128                 0.159341                0.267045                102               10                 9               37                10               44                11               35                15               27                11            153              56  0.009414
210    210                 0.119658                0.205128                 0.159341                0.267045                102               10                 9               37                10               44                11               36                15               27                11            154              56  0.011513
211    211                 0.119658                0.205128                 0.159341                0.267045                102               10                 9               37                10               44                11               36                16               27                11            154              57  0.007622
212    212                 0.111111                0.217949                 0.153846                0.289773                102               10                 9               37                10               44                11               37                16               27                11            155              57  0.007658
213    213                 0.111111                0.217949                 0.153846                0.289773                102               10                 9               37                10               44                11               37                16               27                12            155              58  0.008403
214    214                 0.119658                0.217949                 0.159341                0.289773                102               10                 9               37                10               44                11               38                16               27                12            156              58  0.007570
215    215                 0.119658                0.243590                 0.159341                0.335227                102               10                 9               37                10               44                11               39                16               27                12            157              58  0.007465
216    216                 0.119658                0.230769                 0.159341                0.312500                102               10                 9               37                10               44                11               39                16               28                12            158              58  0.007146
217    217                 0.119658                0.230769                 0.159341                0.312500                103               10                 9               37                10               44                11               40                16               28                12            159              58  0.006926
218    218                 0.119658                0.230769                 0.159341                0.312500                103               10                 9               37                10               44                11               41                16               28                12            160              58  0.007281
219    219                 0.119658                0.230769                 0.159341                0.312500                103               10                 9               37                10               44                11               42                16               28                12            161              58  0.007354
220    220                 0.119658                0.230769                 0.159341                0.312500                103               10                 9               38                10               44                11               42                16               28                12            162              58  0.007421
221    221                 0.119658                0.230769                 0.159341                0.312500                103               10                 9               38                10               44                11               43                16               28                12            163              58  0.007132
222    222                 0.119658                0.230769                 0.159341                0.312500                103               10                10               38                10               44                11               43                16               28                12            163              59  0.006853
223    223                 0.119658                0.217949                 0.159341                0.289773                103               10                10               38                10               44                11               44                16               28                12            164              59  0.006718
224    224                 0.111111                0.205128                 0.140110                0.267045                103               11                10               38                10               44                11               44                16               28                12            165              59  0.006925
225    225                 0.111111                0.205128                 0.140110                0.267045                103               11                10               38                10               45                11               44                16               28                12            166              59  0.006714
226    226                 0.111111                0.217949                 0.140110                0.289773                103               11                10               38                10               46                11               44                16               28                12            167              59  0.006656
227    227                 0.111111                0.217949                 0.140110                0.289773                103               11                10               38                10               46                12               44                16               28                12            167              60  0.007484
228    228                 0.111111                0.217949                 0.140110                0.289773                104               11                10               38                10               46                12               44                16               29                12            168              60  0.006949
229    229                 0.111111                0.217949                 0.140110                0.289773                104               11                10               38                10               46                12               45                16               29                12            169              60  0.006562
230    230                 0.111111                0.217949                 0.140110                0.289773                104               11                10               38                10               46                12               45                16               30                12            170              60  0.006764
231    231                 0.111111                0.217949                 0.140110                0.289773                104               11                10               38                10               46                12               46                16               30                12            171              60  0.007927
232    232                 0.111111                0.230769                 0.140110                0.312500                104               11                10               38                10               46                12               47                16               30                12            172              60  0.009305
233    233                 0.119658                0.230769                 0.159341                0.312500                104               11                10               38                10               47                12               47                16               30                12            173              60  0.008356
234    234                 0.119658                0.230769                 0.159341                0.312500                104               11                10               38                10               47                12               47                16               30                13            173              61  0.007988


Total number of Acive Learning Instances : 67



Extra instances added due to knowledge base similarity : 28



KNOWLEDGE BASE METRICS

   No. of Instances  Accuracy                                  f1-score
0                28      0.75  [0.7407407407407408, 0.7586206896551724]
2                17      1.00                                [1.0, 1.0]
3                 6      1.00                                [1.0, 1.0]
1                10      0.80                 [0.5, 0.8750000000000001]
4                 4      1.00                                [1.0, 1.0]


SIMILAR INSTANCES METRICS

     No. of similar Instances    Similar Instances  Similar Instances Shared Label  Accuracy                   f1-score  Annotator
9                           1                [144]                               1  1.000000                      [1.0]          0
24                          4  [124, 191, 26, 121]                               1  0.750000  [0.0, 0.8571428571428571]          0
71                          2            [13, 192]                               0  0.500000  [0.6666666666666666, 0.0]          0
144                         2           [177, 142]                               1  1.000000                      [1.0]          0
184                         1                [149]                               1  1.000000                      [1.0]          0
65                          1                [109]                               1  1.000000                      [1.0]          0
32                          3         [64, 63, 38]                               0  0.666667                 [0.8, 0.0]          0
30                          2            [43, 111]                               0  0.500000  [0.6666666666666666, 0.0]          0
60                          1                 [23]                               0  0.000000                 [0.0, 0.0]          0
41                          1                [105]                               1  1.000000                      [1.0]          0
43                          1                [166]                               0  1.000000                      [1.0]          0
111                         1                 [45]                               1  0.000000                 [0.0, 0.0]          0
45                          1                 [46]                               1  0.000000                 [0.0, 0.0]          0
147                         1                [100]                               1  1.000000                      [1.0]          2
37                          2           [129, 104]                               1  1.000000                      [1.0]          2
125                         1                 [15]                               1  1.000000                      [1.0]          2
192                         1                [140]                               0  0.000000                 [0.0, 0.0]          2
52                          1                 [50]                               0  1.000000                      [1.0]          2
109                         1                [114]                               1  1.000000                      [1.0]          1


KNOWLEDGE BASE CLASSIFIER METRIC

                 After Warmup Accuracy on Boot Data        After Warmup F1 Score on Boot Data  After Warmup Accuracy on Validation Data   After Warmup F1 Score on Validation Data  After Training Accuracy on Validation Data After Training F1 Score on Validation Data
Annotator Model                                 0.8  [0.6666666666666666, 0.8571428571428571]                                  0.615385  [0.11764705882352942, 0.7540983606557378]                                    0.782051   [0.5641025641025642, 0.8547008547008548]
W Optimal                                       0.8  [0.6666666666666666, 0.8571428571428571]                                  0.615385  [0.11764705882352942, 0.7540983606557378]                                    0.782051   [0.5641025641025642, 0.8547008547008548]
Majority                                        0.8  [0.6666666666666666, 0.8571428571428571]                                  0.615385  [0.11764705882352942, 0.7540983606557378]                                    0.769231                 [0.55, 0.8448275862068966]
True Labels                                     1.0                                [1.0, 1.0]                                  0.666667            [0.07142857142857144, 0.796875]                                    0.794872    [0.5789473684210527, 0.864406779661017]


KNOWLEDGE BASE ANNOTATOR METRIC

                  Annotator Accuracy after Warmup on Boot Data Annotator F1 Score after Warmup on Boot Data  Annotator Accuracy after Training         Annotator F1 Score after Training
Weighted Average                                           0.8     [0.6666666666666666, 0.8571428571428571]                           0.701493                 [0.6, 0.7619047619047619]
Maximum Index                                              0.8     [0.6666666666666666, 0.8571428571428571]                           0.761194  [0.6363636363636364, 0.8222222222222222]