segment-simulated-x
Budget : 0.1
Similarity Threshold : 0.95
Weight Threshold : 0.7
segment-simulated-x
Budget : 0.1
Similarity Threshold : 0.95
Weight Threshold : 0.7
segment-simulated-x
Budget : 0.1
Similarity Threshold : 0.95
Weight Threshold : 0.7
segment-simulated-x
Budget : 0.1
Similarity Threshold : 0.95
Weight Threshold : 0.7


Number of classes : 7


MAPAL Accuracy : 0.9166666666666667


Total number of Active Learning Instances : 265



Extra instances added due to knowledge base similarity : 119



KNOWLEDGE BASE METRICS

   No. of Instances  Accuracy  f1-score
0                94  0.712766  0.592169
3                43  0.813953  0.828691
2                38  0.815789  0.694280
1                34  0.941176  0.753968


SIMILAR INSTANCES METRICS

      No. of similar Instances                            Similar Instances  Similar Instances Shared Label  Accuracy  f1-score  Annotator
1596                         4                      [1465, 2051, 469, 1527]                               5  0.000000  0.000000          0
36                           1                                       [1612]                               3  0.000000  0.000000          0
90                           2                                   [910, 633]                               5  0.000000  0.000000          0
871                          3                            [1185, 1630, 551]                               6  0.666667  0.400000          0
1845                         8  [1198, 1425, 869, 1628, 1520, 593, 238, 20]                               3  0.000000  0.000000          0
842                          1                                       [2291]                               3  0.000000  0.000000          0
1742                         2                                 [1016, 2012]                               0  1.000000  1.000000          0
33                           1                                        [590]                               1  0.000000  0.000000          0
2012                         1                                        [517]                               0  0.000000  0.000000          0
1560                         1                                        [971]                               3  0.000000  0.000000          0
1520                         1                                       [1099]                               6  0.000000  0.000000          0
93                           1                                         [44]                               2  1.000000  1.000000          0
1                            4                       [2225, 417, 923, 1594]                               2  1.000000  1.000000          0
2291                         1                                       [1640]                               0  1.000000  1.000000          0
520                          2                                 [2216, 1330]                               1  0.500000  0.333333          0
1133                         2                                 [1586, 2201]                               2  0.500000  0.333333          0
593                          2                                   [2092, 38]                               6  0.500000  0.333333          0
1371                         3                            [1996, 1659, 383]                               2  0.666667  0.400000          0
1425                         1                                       [1883]                               0  1.000000  1.000000          0
2225                         1                                        [214]                               2  1.000000  1.000000          0
237                          1                                        [976]                               2  1.000000  1.000000          0
1803                         2                                  [967, 1519]                               2  0.000000  0.000000          0
967                          2                                 [2026, 1200]                               3  0.000000  0.000000          0
12                           1                                        [215]                               1  0.000000  0.000000          0
1628                         1                                        [474]                               5  0.000000  0.000000          0
474                          1                                       [1948]                               6  1.000000  1.000000          0
1622                         1                                        [637]                               0  0.000000  0.000000          0
637                          2                                 [1035, 1431]                               6  0.500000  0.333333          0
2253                         2                                  [296, 1064]                               5  0.000000  0.000000          0
1659                         1                                       [1319]                               0  0.000000  0.000000          0
562                          3                            [1458, 487, 1531]                               0  0.000000  0.000000          0
383                          1                                        [823]                               2  1.000000  1.000000          0
1349                         1                                       [1695]                               6  0.000000  0.000000          0
1640                         1                                        [624]                               0  1.000000  1.000000          0
266                          1                                        [243]                               1  1.000000  1.000000          0
755                          3                            [1377, 1703, 465]                               5  0.000000  0.000000          0
1058                         1                                       [2285]                               2  0.000000  0.000000          0
2285                         1                                       [1668]                               5  0.000000  0.000000          0
823                          1                                       [1015]                               2  1.000000  1.000000          0
1948                         2                                 [1492, 1366]                               6  1.000000  1.000000          0
215                          1                                       [1036]                               6  1.000000  1.000000          0
2272                         1                                         [32]                               3  0.000000  0.000000          0
173                          1                                        [180]                               2  0.000000  0.000000          0
2103                         1                                       [1598]                               4  1.000000  1.000000          0
581                          1                                       [1472]                               0  0.000000  0.000000          0
491                          1                                       [1887]                               3  1.000000  1.000000          3
967                          1                                         [79]                               3  0.000000  0.000000          3
1481                         2                                  [273, 1093]                               0  0.000000  0.000000          3
355                          2                                 [1160, 1336]                               6  0.000000  0.000000          3
1577                         1                                       [2239]                               1  1.000000  1.000000          3
2190                         1                                       [1164]                               0  0.000000  0.000000          3
31                           1                                        [246]                               6  1.000000  1.000000          3
1100                         1                                        [731]                               0  1.000000  1.000000          3
505                          1                                       [2272]                               6  1.000000  1.000000          3
731                          1                                        [172]                               0  0.000000  0.000000          3
1692                         1                                       [2038]                               6  0.000000  0.000000          3
1996                         2                                  [2270, 371]                               2  1.000000  1.000000          3
1343                         2                                 [1436, 1799]                               4  1.000000  1.000000          3
2030                         3                             [789, 1169, 946]                               5  1.000000  1.000000          3
946                          1                                        [151]                               5  1.000000  1.000000          3
2167                         1                                        [310]                               1  1.000000  1.000000          3
696                          1                                        [129]                               5  0.000000  0.000000          3
934                          1                                       [2247]                               1  0.000000  0.000000          3
1035                         2                                  [345, 1485]                               6  0.500000  0.333333          2
710                          1                                        [219]                               2  0.000000  0.000000          2
1804                         1                                       [1716]                               3  0.000000  0.000000          2
2239                         2                                  [647, 2137]                               1  0.000000  0.000000          2
2223                         2                                  [245, 1879]                               5  0.000000  0.000000          2
1668                         1                                       [1528]                               1  1.000000  1.000000          2
175                          1                                        [892]                               4  1.000000  1.000000          2
1795                         1                                        [709]                               6  0.000000  0.000000          2
520                          3                           [2074, 1305, 1137]                               1  0.000000  0.000000          1
261                          1                                       [1324]                               2  1.000000  1.000000          1
1063                         1                                       [1360]                               5  0.000000  0.000000          1
1268                         1                                       [2268]                               6  0.000000  0.000000          1
1244                         1                                        [552]                               1  1.000000  1.000000          1
79                           1                                        [853]                               0  0.000000  0.000000          1


Total number of Active Learning Instances : 262



Extra instances added due to knowledge base similarity : 114



KNOWLEDGE BASE METRICS

   No. of Instances  Accuracy  f1-score
3                52  0.730769  0.618019
2                29  0.620690  0.474879
0                91  0.648352  0.505082
1                39  0.820513  0.702669


SIMILAR INSTANCES METRICS

      No. of similar Instances         Similar Instances  Similar Instances Shared Label  Accuracy  f1-score  Annotator
2265                         2               [874, 1944]                               0  0.000000  0.000000          3
998                          2                [207, 944]                               3  1.000000  1.000000          3
355                          4  [1949, 1857, 2044, 2077]                               6  0.000000  0.000000          3
1979                         2               [1634, 245]                               6  0.500000  0.333333          3
1100                         2               [2137, 723]                               0  0.000000  0.000000          3
1654                         3         [1207, 219, 1404]                               2  0.333333  0.250000          3
720                          3         [722, 1680, 1180]                               1  0.000000  0.000000          3
261                          1                    [1638]                               2  1.000000  1.000000          3
1324                         2                 [31, 904]                               2  0.000000  0.000000          3
31                           2               [2155, 554]                               6  1.000000  1.000000          3
2299                         1                    [1679]                               2  0.000000  0.000000          3
237                          2               [617, 1808]                               2  1.000000  1.000000          3
2155                         1                    [1830]                               6  1.000000  1.000000          3
554                          1                    [1258]                               6  1.000000  1.000000          3
1390                         1                    [1361]                               2  1.000000  1.000000          3
815                          2               [170, 2122]                               5  0.000000  0.000000          3
1931                         1                    [1817]                               6  1.000000  1.000000          3
1230                         1                    [1134]                               6  0.000000  0.000000          3
1481                         2              [1066, 2157]                               0  0.000000  0.000000          3
923                          1                    [2176]                               3  0.000000  0.000000          3
830                          2              [1686, 1028]                               4  0.000000  0.000000          3
1765                         1                    [1960]                               6  0.000000  0.000000          3
279                          1                    [2285]                               1  1.000000  1.000000          3
2285                         2              [1668, 1019]                               1  1.000000  1.000000          3
1596                         2                [319, 448]                               5  0.000000  0.000000          3
1063                         1                    [2271]                               6  0.000000  0.000000          3
112                          1                    [1532]                               5  0.000000  0.000000          3
1211                         1                    [1093]                               6  0.000000  0.000000          3
284                          2                [698, 946]                               5  1.000000  1.000000          2
2222                         1                     [423]                               2  0.000000  0.000000          2
1803                         1                    [1931]                               4  0.000000  0.000000          2
1371                         1                    [1996]                               6  0.000000  0.000000          2
871                          1                     [717]                               1  0.000000  0.000000          2
992                          1                     [532]                               6  1.000000  1.000000          2
811                          1                    [1861]                               6  0.000000  0.000000          2
232                          1                      [55]                               1  0.000000  0.000000          2
717                          1                    [2154]                               6  1.000000  1.000000          2
690                          1                    [1784]                               4  1.000000  1.000000          0
411                          1                     [466]                               2  1.000000  1.000000          0
723                          2               [838, 2231]                               2  1.000000  1.000000          0
499                          4    [1929, 1407, 211, 323]                               4  0.000000  0.000000          0
2289                         1                     [196]                               2  1.000000  1.000000          0
2088                         1                    [1795]                               3  0.000000  0.000000          0
74                           1                    [2276]                               2  0.000000  0.000000          0
216                          1                     [457]                               6  1.000000  1.000000          0
214                          1                    [1594]                               1  0.000000  0.000000          0
1092                         1                    [1150]                               1  1.000000  1.000000          0
603                          4    [1786, 365, 776, 2141]                               6  0.000000  0.000000          0
1594                         1                     [417]                               2  1.000000  1.000000          0
2202                         1                    [1886]                               2  0.000000  0.000000          0
2077                         3           [160, 10, 1565]                               1  1.000000  1.000000          0
832                          1                     [843]                               5  1.000000  1.000000          0
1150                         4  [1411, 1300, 1488, 2175]                               3  0.000000  0.000000          0
1411                         1                    [1277]                               1  1.000000  1.000000          0
212                          1                    [1389]                               5  0.000000  0.000000          0
1389                         2                [1770, 78]                               4  0.000000  0.000000          0
170                          1                     [867]                               5  0.000000  0.000000          0
517                          1                     [794]                               1  0.000000  0.000000          0
1255                         1                    [1074]                               6  1.000000  1.000000          0
2248                         1                     [294]                               2  0.000000  0.000000          0
2173                         1                    [1519]                               0  0.000000  0.000000          0
1385                         1                    [1485]                               6  0.000000  0.000000          0
1028                         2               [487, 1597]                               1  1.000000  1.000000          0
487                          1                    [1443]                               4  0.000000  0.000000          0
1058                         1                    [1941]                               6  0.000000  0.000000          0
1001                         1                    [1885]                               1  1.000000  1.000000          0
2242                         1                    [1755]                               5  0.000000  0.000000          0
294                          1                    [2218]                               6  0.000000  0.000000          0
1939                         1                    [1635]                               2  1.000000  1.000000          1
1646                         1                    [1712]                               3  1.000000  1.000000          1
1372                         1                    [2160]                               1  1.000000  1.000000          1
1719                         3          [2159, 430, 295]                               4  0.000000  0.000000          1
1268                         1                     [461]                               6  1.000000  1.000000          1
1712                         1                     [503]                               3  1.000000  1.000000          1
1050                         1                    [1908]                               3  1.000000  1.000000          1
2253                         1                    [2106]                               1  0.000000  0.000000          1
1764                         2              [2199, 1288]                               1  1.000000  1.000000          1segment-simulated-x
Budget : 0.1
Similarity Threshold : 0.95
Weight Threshold : 0.7
